0.875  30  15  4  30000  300000  4000  5000  1800  1000  500  500  0.05  2.75  5.5  3  10.2  0.65  0.75  57.5  40  55  0.05  2.5  3  180  4  275  20  8  6  60  0.11  0.095  450  1.65  0.044  0.205  30.4  4.36  99.38  5.75  1.2  5.367  0.93  0.3  0.6  30  0.015  0.6  10.7  7.55
0.875  30  15  4  30000  300000  4000  5000  1800  1000  500  500  0.05  2.75  5.5  3  10.2  0.65  0.75  57.5  40  55  0.05  2.5  3  180  4  275  20  8  6.04  60  0.11  0.095  450  1.65  0.044  0.205  30.4  4.36  99.38  5.75  1.2  5.367  0.93  0.3  0.6  30  0.015  0.6  10.7  7.55
0.875  30  15  4  30000  300000  4000  5000  1800  1000  500  500  0.05  2.75  5.5  3  10.2  0.65  0.75  57.5  40  55  0.05  2.5  3  180  4  275  20  8  6.08  60  0.11  0.095  450  1.65  0.044  0.205  30.4  4.36  99.38  5.75  1.2  5.367  0.93  0.3  0.6  30  0.015  0.6  10.7  7.55
0.875  30  15  4  30000  300000  4000  5000  1800  1000  500  500  0.05  2.75  5.5  3  10.2  0.65  0.75  57.5  40  55  0.05  2.5  3  180  4  275  20  8  6.12  60  0.11  0.095  450  1.65  0.044  0.205  30.4  4.36  99.38  5.75  1.2  5.367  0.93  0.3  0.6  30  0.015  0.6  10.7  7.55
0.875  30  15  4  30000  300000  4000  5000  1800  1000  500  500  0.05  2.75  5.5  3  10.2  0.65  0.75  57.5  40  55  0.05  2.5  3  180  4  275  20  8  6.16  60  0.11  0.095  450  1.65  0.044  0.205  30.4  4.36  99.38  5.75  1.2  5.367  0.93  0.3  0.6  30  0.015  0.6  10.7  7.55
0.875  30  15  4  30000  300000  4000  5000  1800  1000  500  500  0.05  2.75  5.5  3  10.2  0.65  0.75  57.5  40  55  0.05  2.5  3  180  4  275  20  8  6.2  60  0.11  0.095  450  1.65  0.044  0.205  30.4  4.36  99.38  5.75  1.2  5.367  0.93  0.3  0.6  30  0.015  0.6  10.7  7.55
0.875  30  15  4  30000  300000  4000  5000  1800  1000  500  500  0.05  2.75  5.5  3  10.2  0.65  0.75  57.5  40  55  0.05  2.5  3  180  4  275  20  8  6.24  60  0.11  0.095  450  1.65  0.044  0.205  30.4  4.36  99.38  5.75  1.2  5.367  0.93  0.3  0.6  30  0.015  0.6  10.7  7.55
0.875  30  15  4  30000  300000  4000  5000  1800  1000  500  500  0.05  2.75  5.5  3  10.2  0.65  0.75  57.5  40  55  0.05  2.5  3  180  4  275  20  8  6.28  60  0.11  0.095  450  1.65  0.044  0.205  30.4  4.36  99.38  5.75  1.2  5.367  0.93  0.3  0.6  30  0.015  0.6  10.7  7.55
0.875  30  15  4  30000  300000  4000  5000  1800  1000  500  500  0.05  2.75  5.5  3  10.2  0.65  0.75  57.5  40  55  0.05  2.5  3  180  4  275  20  8  6.32  60  0.11  0.095  450  1.65  0.044  0.205  30.4  4.36  99.38  5.75  1.2  5.367  0.93  0.3  0.6  30  0.015  0.6  10.7  7.55
0.875  30  15  4  30000  300000  4000  5000  1800  1000  500  500  0.05  2.75  5.5  3  10.2  0.65  0.75  57.5  40  55  0.05  2.5  3  180  4  275  20  8  6.36  60  0.11  0.095  450  1.65  0.044  0.205  30.4  4.36  99.38  5.75  1.2  5.367  0.93  0.3  0.6  30  0.015  0.6  10.7  7.55
0.875  30  15  4  30000  300000  4000  5000  1800  1000  500  500  0.05  2.75  5.5  3  10.2  0.65  0.75  57.5  40  55  0.05  2.5  3  180  4  275  20  8  6.4  60  0.11  0.095  450  1.65  0.044  0.205  30.4  4.36  99.38  5.75  1.2  5.367  0.93  0.3  0.6  30  0.015  0.6  10.7  7.55
0.875  30  15  4  30000  300000  4000  5000  1800  1000  500  500  0.05  2.75  5.5  3  10.2  0.65  0.75  57.5  40  55  0.05  2.5  3  180  4  275  20  8  6.44  60  0.11  0.095  450  1.65  0.044  0.205  30.4  4.36  99.38  5.75  1.2  5.367  0.93  0.3  0.6  30  0.015  0.6  10.7  7.55
0.875  30  15  4  30000  300000  4000  5000  1800  1000  500  500  0.05  2.75  5.5  3  10.2  0.65  0.75  57.5  40  55  0.05  2.5  3  180  4  275  20  8  6.48  60  0.11  0.095  450  1.65  0.044  0.205  30.4  4.36  99.38  5.75  1.2  5.367  0.93  0.3  0.6  30  0.015  0.6  10.7  7.55
0.875  30  15  4  30000  300000  4000  5000  1800  1000  500  500  0.05  2.75  5.5  3  10.2  0.65  0.75  57.5  40  55  0.05  2.5  3  180  4  275  20  8  6.52  60  0.11  0.095  450  1.65  0.044  0.205  30.4  4.36  99.38  5.75  1.2  5.367  0.93  0.3  0.6  30  0.015  0.6  10.7  7.55
0.875  30  15  4  30000  300000  4000  5000  1800  1000  500  500  0.05  2.75  5.5  3  10.2  0.65  0.75  57.5  40  55  0.05  2.5  3  180  4  275  20  8  6.56  60  0.11  0.095  450  1.65  0.044  0.205  30.4  4.36  99.38  5.75  1.2  5.367  0.93  0.3  0.6  30  0.015  0.6  10.7  7.55
0.875  30  15  4  30000  300000  4000  5000  1800  1000  500  500  0.05  2.75  5.5  3  10.2  0.65  0.75  57.5  40  55  0.05  2.5  3  180  4  275  20  8  6.6  60  0.11  0.095  450  1.65  0.044  0.205  30.4  4.36  99.38  5.75  1.2  5.367  0.93  0.3  0.6  30  0.015  0.6  10.7  7.55
0.875  30  15  4  30000  300000  4000  5000  1800  1000  500  500  0.05  2.75  5.5  3  10.2  0.65  0.75  57.5  40  55  0.05  2.5  3  180  4  275  20  8  6.64  60  0.11  0.095  450  1.65  0.044  0.205  30.4  4.36  99.38  5.75  1.2  5.367  0.93  0.3  0.6  30  0.015  0.6  10.7  7.55
0.875  30  15  4  30000  300000  4000  5000  1800  1000  500  500  0.05  2.75  5.5  3  10.2  0.65  0.75  57.5  40  55  0.05  2.5  3  180  4  275  20  8  6.68  60  0.11  0.095  450  1.65  0.044  0.205  30.4  4.36  99.38  5.75  1.2  5.367  0.93  0.3  0.6  30  0.015  0.6  10.7  7.55
0.875  30  15  4  30000  300000  4000  5000  1800  1000  500  500  0.05  2.75  5.5  3  10.2  0.65  0.75  57.5  40  55  0.05  2.5  3  180  4  275  20  8  6.72  60  0.11  0.095  450  1.65  0.044  0.205  30.4  4.36  99.38  5.75  1.2  5.367  0.93  0.3  0.6  30  0.015  0.6  10.7  7.55
0.875  30  15  4  30000  300000  4000  5000  1800  1000  500  500  0.05  2.75  5.5  3  10.2  0.65  0.75  57.5  40  55  0.05  2.5  3  180  4  275  20  8  6.76  60  0.11  0.095  450  1.65  0.044  0.205  30.4  4.36  99.38  5.75  1.2  5.367  0.93  0.3  0.6  30  0.015  0.6  10.7  7.55
0.875  30  15  4  30000  300000  4000  5000  1800  1000  500  500  0.05  2.75  5.5  3  10.2  0.65  0.75  57.5  40  55  0.05  2.5  3  180  4  275  20  8  6.8  60  0.11  0.095  450  1.65  0.044  0.205  30.4  4.36  99.38  5.75  1.2  5.367  0.93  0.3  0.6  30  0.015  0.6  10.7  7.55
0.875  30  15  4  30000  300000  4000  5000  1800  1000  500  500  0.05  2.75  5.5  3  10.2  0.65  0.75  57.5  40  55  0.05  2.5  3  180  4  275  20  8  6.84  60  0.11  0.095  450  1.65  0.044  0.205  30.4  4.36  99.38  5.75  1.2  5.367  0.93  0.3  0.6  30  0.015  0.6  10.7  7.55
0.875  30  15  4  30000  300000  4000  5000  1800  1000  500  500  0.05  2.75  5.5  3  10.2  0.65  0.75  57.5  40  55  0.05  2.5  3  180  4  275  20  8  6.88  60  0.11  0.095  450  1.65  0.044  0.205  30.4  4.36  99.38  5.75  1.2  5.367  0.93  0.3  0.6  30  0.015  0.6  10.7  7.55
0.875  30  15  4  30000  300000  4000  5000  1800  1000  500  500  0.05  2.75  5.5  3  10.2  0.65  0.75  57.5  40  55  0.05  2.5  3  180  4  275  20  8  6.92  60  0.11  0.095  450  1.65  0.044  0.205  30.4  4.36  99.38  5.75  1.2  5.367  0.93  0.3  0.6  30  0.015  0.6  10.7  7.55
0.875  30  15  4  30000  300000  4000  5000  1800  1000  500  500  0.05  2.75  5.5  3  10.2  0.65  0.75  57.5  40  55  0.05  2.5  3  180  4  275  20  8  6.96  60  0.11  0.095  450  1.65  0.044  0.205  30.4  4.36  99.38  5.75  1.2  5.367  0.93  0.3  0.6  30  0.015  0.6  10.7  7.55
0.875  30  15  4  30000  300000  4000  5000  1800  1000  500  500  0.05  2.75  5.5  3  10.2  0.65  0.75  57.5  40  55  0.05  2.5  3  180  4  275  20  8  7  60  0.11  0.095  450  1.65  0.044  0.205  30.4  4.36  99.38  5.75  1.2  5.367  0.93  0.3  0.6  30  0.015  0.6  10.7  7.55
0.875  30  15  4  30000  300000  4000  5000  1800  1000  500  500  0.05  2.75  5.5  3  10.2  0.65  0.75  57.5  40  55  0.05  2.5  3  180  4  275  20  8  7.04  60  0.11  0.095  450  1.65  0.044  0.205  30.4  4.36  99.38  5.75  1.2  5.367  0.93  0.3  0.6  30  0.015  0.6  10.7  7.55
0.875  30  15  4  30000  300000  4000  5000  1800  1000  500  500  0.05  2.75  5.5  3  10.2  0.65  0.75  57.5  40  55  0.05  2.5  3  180  4  275  20  8  7.08  60  0.11  0.095  450  1.65  0.044  0.205  30.4  4.36  99.38  5.75  1.2  5.367  0.93  0.3  0.6  30  0.015  0.6  10.7  7.55
0.875  30  15  4  30000  300000  4000  5000  1800  1000  500  500  0.05  2.75  5.5  3  10.2  0.65  0.75  57.5  40  55  0.05  2.5  3  180  4  275  20  8  7.12  60  0.11  0.095  450  1.65  0.044  0.205  30.4  4.36  99.38  5.75  1.2  5.367  0.93  0.3  0.6  30  0.015  0.6  10.7  7.55
0.875  30  15  4  30000  300000  4000  5000  1800  1000  500  500  0.05  2.75  5.5  3  10.2  0.65  0.75  57.5  40  55  0.05  2.5  3  180  4  275  20  8  7.16  60  0.11  0.095  450  1.65  0.044  0.205  30.4  4.36  99.38  5.75  1.2  5.367  0.93  0.3  0.6  30  0.015  0.6  10.7  7.55
0.875  30  15  4  30000  300000  4000  5000  1800  1000  500  500  0.05  2.75  5.5  3  10.2  0.65  0.75  57.5  40  55  0.05  2.5  3  180  4  275  20  8  7.2  60  0.11  0.095  450  1.65  0.044  0.205  30.4  4.36  99.38  5.75  1.2  5.367  0.93  0.3  0.6  30  0.015  0.6  10.7  7.55
0.875  30  15  4  30000  300000  4000  5000  1800  1000  500  500  0.05  2.75  5.5  3  10.2  0.65  0.75  57.5  40  55  0.05  2.5  3  180  4  275  20  8  7.24  60  0.11  0.095  450  1.65  0.044  0.205  30.4  4.36  99.38  5.75  1.2  5.367  0.93  0.3  0.6  30  0.015  0.6  10.7  7.55
0.875  30  15  4  30000  300000  4000  5000  1800  1000  500  500  0.05  2.75  5.5  3  10.2  0.65  0.75  57.5  40  55  0.05  2.5  3  180  4  275  20  8  7.28  60  0.11  0.095  450  1.65  0.044  0.205  30.4  4.36  99.38  5.75  1.2  5.367  0.93  0.3  0.6  30  0.015  0.6  10.7  7.55
0.875  30  15  4  30000  300000  4000  5000  1800  1000  500  500  0.05  2.75  5.5  3  10.2  0.65  0.75  57.5  40  55  0.05  2.5  3  180  4  275  20  8  7.32  60  0.11  0.095  450  1.65  0.044  0.205  30.4  4.36  99.38  5.75  1.2  5.367  0.93  0.3  0.6  30  0.015  0.6  10.7  7.55
0.875  30  15  4  30000  300000  4000  5000  1800  1000  500  500  0.05  2.75  5.5  3  10.2  0.65  0.75  57.5  40  55  0.05  2.5  3  180  4  275  20  8  7.36  60  0.11  0.095  450  1.65  0.044  0.205  30.4  4.36  99.38  5.75  1.2  5.367  0.93  0.3  0.6  30  0.015  0.6  10.7  7.55
0.875  30  15  4  30000  300000  4000  5000  1800  1000  500  500  0.05  2.75  5.5  3  10.2  0.65  0.75  57.5  40  55  0.05  2.5  3  180  4  275  20  8  7.4  60  0.11  0.095  450  1.65  0.044  0.205  30.4  4.36  99.38  5.75  1.2  5.367  0.93  0.3  0.6  30  0.015  0.6  10.7  7.55
0.875  30  15  4  30000  300000  4000  5000  1800  1000  500  500  0.05  2.75  5.5  3  10.2  0.65  0.75  57.5  40  55  0.05  2.5  3  180  4  275  20  8  7.44  60  0.11  0.095  450  1.65  0.044  0.205  30.4  4.36  99.38  5.75  1.2  5.367  0.93  0.3  0.6  30  0.015  0.6  10.7  7.55
0.875  30  15  4  30000  300000  4000  5000  1800  1000  500  500  0.05  2.75  5.5  3  10.2  0.65  0.75  57.5  40  55  0.05  2.5  3  180  4  275  20  8  7.48  60  0.11  0.095  450  1.65  0.044  0.205  30.4  4.36  99.38  5.75  1.2  5.367  0.93  0.3  0.6  30  0.015  0.6  10.7  7.55
0.875  30  15  4  30000  300000  4000  5000  1800  1000  500  500  0.05  2.75  5.5  3  10.2  0.65  0.75  57.5  40  55  0.05  2.5  3  180  4  275  20  8  7.52  60  0.11  0.095  450  1.65  0.044  0.205  30.4  4.36  99.38  5.75  1.2  5.367  0.93  0.3  0.6  30  0.015  0.6  10.7  7.55
0.875  30  15  4  30000  300000  4000  5000  1800  1000  500  500  0.05  2.75  5.5  3  10.2  0.65  0.75  57.5  40  55  0.05  2.5  3  180  4  275  20  8  7.56  60  0.11  0.095  450  1.65  0.044  0.205  30.4  4.36  99.38  5.75  1.2  5.367  0.93  0.3  0.6  30  0.015  0.6  10.7  7.55
0.875  30  15  4  30000  300000  4000  5000  1800  1000  500  500  0.05  2.75  5.5  3  10.2  0.65  0.75  57.5  40  55  0.05  2.5  3  180  4  275  20  8  7.6  60  0.11  0.095  450  1.65  0.044  0.205  30.4  4.36  99.38  5.75  1.2  5.367  0.93  0.3  0.6  30  0.015  0.6  10.7  7.55
0.875  30  15  4  30000  300000  4000  5000  1800  1000  500  500  0.05  2.75  5.5  3  10.2  0.65  0.75  57.5  40  55  0.05  2.5  3  180  4  275  20  8  7.64  60  0.11  0.095  450  1.65  0.044  0.205  30.4  4.36  99.38  5.75  1.2  5.367  0.93  0.3  0.6  30  0.015  0.6  10.7  7.55
0.875  30  15  4  30000  300000  4000  5000  1800  1000  500  500  0.05  2.75  5.5  3  10.2  0.65  0.75  57.5  40  55  0.05  2.5  3  180  4  275  20  8  7.68  60  0.11  0.095  450  1.65  0.044  0.205  30.4  4.36  99.38  5.75  1.2  5.367  0.93  0.3  0.6  30  0.015  0.6  10.7  7.55
0.875  30  15  4  30000  300000  4000  5000  1800  1000  500  500  0.05  2.75  5.5  3  10.2  0.65  0.75  57.5  40  55  0.05  2.5  3  180  4  275  20  8  7.72  60  0.11  0.095  450  1.65  0.044  0.205  30.4  4.36  99.38  5.75  1.2  5.367  0.93  0.3  0.6  30  0.015  0.6  10.7  7.55
0.875  30  15  4  30000  300000  4000  5000  1800  1000  500  500  0.05  2.75  5.5  3  10.2  0.65  0.75  57.5  40  55  0.05  2.5  3  180  4  275  20  8  7.76  60  0.11  0.095  450  1.65  0.044  0.205  30.4  4.36  99.38  5.75  1.2  5.367  0.93  0.3  0.6  30  0.015  0.6  10.7  7.55
0.875  30  15  4  30000  300000  4000  5000  1800  1000  500  500  0.05  2.75  5.5  3  10.2  0.65  0.75  57.5  40  55  0.05  2.5  3  180  4  275  20  8  7.8  60  0.11  0.095  450  1.65  0.044  0.205  30.4  4.36  99.38  5.75  1.2  5.367  0.93  0.3  0.6  30  0.015  0.6  10.7  7.55
0.875  30  15  4  30000  300000  4000  5000  1800  1000  500  500  0.05  2.75  5.5  3  10.2  0.65  0.75  57.5  40  55  0.05  2.5  3  180  4  275  20  8  7.84  60  0.11  0.095  450  1.65  0.044  0.205  30.4  4.36  99.38  5.75  1.2  5.367  0.93  0.3  0.6  30  0.015  0.6  10.7  7.55
0.875  30  15  4  30000  300000  4000  5000  1800  1000  500  500  0.05  2.75  5.5  3  10.2  0.65  0.75  57.5  40  55  0.05  2.5  3  180  4  275  20  8  7.88  60  0.11  0.095  450  1.65  0.044  0.205  30.4  4.36  99.38  5.75  1.2  5.367  0.93  0.3  0.6  30  0.015  0.6  10.7  7.55
0.875  30  15  4  30000  300000  4000  5000  1800  1000  500  500  0.05  2.75  5.5  3  10.2  0.65  0.75  57.5  40  55  0.05  2.5  3  180  4  275  20  8  7.92  60  0.11  0.095  450  1.65  0.044  0.205  30.4  4.36  99.38  5.75  1.2  5.367  0.93  0.3  0.6  30  0.015  0.6  10.7  7.55
0.875  30  15  4  30000  300000  4000  5000  1800  1000  500  500  0.05  2.75  5.5  3  10.2  0.65  0.75  57.5  40  55  0.05  2.5  3  180  4  275  20  8  7.96  60  0.11  0.095  450  1.65  0.044  0.205  30.4  4.36  99.38  5.75  1.2  5.367  0.93  0.3  0.6  30  0.015  0.6  10.7  7.55
0.875  30  15  4  30000  300000  4000  5000  1800  1000  500  500  0.05  2.75  5.5  3  10.2  0.65  0.75  57.5  40  55  0.05  2.5  3  180  4  275  20  8  8  60  0.11  0.095  450  1.65  0.044  0.205  30.4  4.36  99.38  5.75  1.2  5.367  0.93  0.3  0.6  30  0.015  0.6  10.7  7.55
0.875  30  15  4  30000  300000  4000  5000  1800  1000  500  500  0.05  2.75  5.5  3  10.2  0.65  0.75  57.5  40  55  0.05  2.5  3  180  4  275  20  8  8.04  60  0.11  0.095  450  1.65  0.044  0.205  30.4  4.36  99.38  5.75  1.2  5.367  0.93  0.3  0.6  30  0.015  0.6  10.7  7.55
0.875  30  15  4  30000  300000  4000  5000  1800  1000  500  500  0.05  2.75  5.5  3  10.2  0.65  0.75  57.5  40  55  0.05  2.5  3  180  4  275  20  8  8.08  60  0.11  0.095  450  1.65  0.044  0.205  30.4  4.36  99.38  5.75  1.2  5.367  0.93  0.3  0.6  30  0.015  0.6  10.7  7.55
0.875  30  15  4  30000  300000  4000  5000  1800  1000  500  500  0.05  2.75  5.5  3  10.2  0.65  0.75  57.5  40  55  0.05  2.5  3  180  4  275  20  8  8.12  60  0.11  0.095  450  1.65  0.044  0.205  30.4  4.36  99.38  5.75  1.2  5.367  0.93  0.3  0.6  30  0.015  0.6  10.7  7.55
0.875  30  15  4  30000  300000  4000  5000  1800  1000  500  500  0.05  2.75  5.5  3  10.2  0.65  0.75  57.5  40  55  0.05  2.5  3  180  4  275  20  8  8.16  60  0.11  0.095  450  1.65  0.044  0.205  30.4  4.36  99.38  5.75  1.2  5.367  0.93  0.3  0.6  30  0.015  0.6  10.7  7.55
0.875  30  15  4  30000  300000  4000  5000  1800  1000  500  500  0.05  2.75  5.5  3  10.2  0.65  0.75  57.5  40  55  0.05  2.5  3  180  4  275  20  8  8.2  60  0.11  0.095  450  1.65  0.044  0.205  30.4  4.36  99.38  5.75  1.2  5.367  0.93  0.3  0.6  30  0.015  0.6  10.7  7.55
0.875  30  15  4  30000  300000  4000  5000  1800  1000  500  500  0.05  2.75  5.5  3  10.2  0.65  0.75  57.5  40  55  0.05  2.5  3  180  4  275  20  8  8.24  60  0.11  0.095  450  1.65  0.044  0.205  30.4  4.36  99.38  5.75  1.2  5.367  0.93  0.3  0.6  30  0.015  0.6  10.7  7.55
0.875  30  15  4  30000  300000  4000  5000  1800  1000  500  500  0.05  2.75  5.5  3  10.2  0.65  0.75  57.5  40  55  0.05  2.5  3  180  4  275  20  8  8.28  60  0.11  0.095  450  1.65  0.044  0.205  30.4  4.36  99.38  5.75  1.2  5.367  0.93  0.3  0.6  30  0.015  0.6  10.7  7.55
0.875  30  15  4  30000  300000  4000  5000  1800  1000  500  500  0.05  2.75  5.5  3  10.2  0.65  0.75  57.5  40  55  0.05  2.5  3  180  4  275  20  8  8.32  60  0.11  0.095  450  1.65  0.044  0.205  30.4  4.36  99.38  5.75  1.2  5.367  0.93  0.3  0.6  30  0.015  0.6  10.7  7.55
0.875  30  15  4  30000  300000  4000  5000  1800  1000  500  500  0.05  2.75  5.5  3  10.2  0.65  0.75  57.5  40  55  0.05  2.5  3  180  4  275  20  8  8.36  60  0.11  0.095  450  1.65  0.044  0.205  30.4  4.36  99.38  5.75  1.2  5.367  0.93  0.3  0.6  30  0.015  0.6  10.7  7.55
0.875  30  15  4  30000  300000  4000  5000  1800  1000  500  500  0.05  2.75  5.5  3  10.2  0.65  0.75  57.5  40  55  0.05  2.5  3  180  4  275  20  8  8.4  60  0.11  0.095  450  1.65  0.044  0.205  30.4  4.36  99.38  5.75  1.2  5.367  0.93  0.3  0.6  30  0.015  0.6  10.7  7.55
0.875  30  15  4  30000  300000  4000  5000  1800  1000  500  500  0.05  2.75  5.5  3  10.2  0.65  0.75  57.5  40  55  0.05  2.5  3  180  4  275  20  8  8.44  60  0.11  0.095  450  1.65  0.044  0.205  30.4  4.36  99.38  5.75  1.2  5.367  0.93  0.3  0.6  30  0.015  0.6  10.7  7.55
0.875  30  15  4  30000  300000  4000  5000  1800  1000  500  500  0.05  2.75  5.5  3  10.2  0.65  0.75  57.5  40  55  0.05  2.5  3  180  4  275  20  8  8.48  60  0.11  0.095  450  1.65  0.044  0.205  30.4  4.36  99.38  5.75  1.2  5.367  0.93  0.3  0.6  30  0.015  0.6  10.7  7.55
0.875  30  15  4  30000  300000  4000  5000  1800  1000  500  500  0.05  2.75  5.5  3  10.2  0.65  0.75  57.5  40  55  0.05  2.5  3  180  4  275  20  8  8.52  60  0.11  0.095  450  1.65  0.044  0.205  30.4  4.36  99.38  5.75  1.2  5.367  0.93  0.3  0.6  30  0.015  0.6  10.7  7.55
0.875  30  15  4  30000  300000  4000  5000  1800  1000  500  500  0.05  2.75  5.5  3  10.2  0.65  0.75  57.5  40  55  0.05  2.5  3  180  4  275  20  8  8.56  60  0.11  0.095  450  1.65  0.044  0.205  30.4  4.36  99.38  5.75  1.2  5.367  0.93  0.3  0.6  30  0.015  0.6  10.7  7.55
0.875  30  15  4  30000  300000  4000  5000  1800  1000  500  500  0.05  2.75  5.5  3  10.2  0.65  0.75  57.5  40  55  0.05  2.5  3  180  4  275  20  8  8.6  60  0.11  0.095  450  1.65  0.044  0.205  30.4  4.36  99.38  5.75  1.2  5.367  0.93  0.3  0.6  30  0.015  0.6  10.7  7.55
0.875  30  15  4  30000  300000  4000  5000  1800  1000  500  500  0.05  2.75  5.5  3  10.2  0.65  0.75  57.5  40  55  0.05  2.5  3  180  4  275  20  8  8.64  60  0.11  0.095  450  1.65  0.044  0.205  30.4  4.36  99.38  5.75  1.2  5.367  0.93  0.3  0.6  30  0.015  0.6  10.7  7.55
0.875  30  15  4  30000  300000  4000  5000  1800  1000  500  500  0.05  2.75  5.5  3  10.2  0.65  0.75  57.5  40  55  0.05  2.5  3  180  4  275  20  8  8.68  60  0.11  0.095  450  1.65  0.044  0.205  30.4  4.36  99.38  5.75  1.2  5.367  0.93  0.3  0.6  30  0.015  0.6  10.7  7.55
0.875  30  15  4  30000  300000  4000  5000  1800  1000  500  500  0.05  2.75  5.5  3  10.2  0.65  0.75  57.5  40  55  0.05  2.5  3  180  4  275  20  8  8.72  60  0.11  0.095  450  1.65  0.044  0.205  30.4  4.36  99.38  5.75  1.2  5.367  0.93  0.3  0.6  30  0.015  0.6  10.7  7.55
0.875  30  15  4  30000  300000  4000  5000  1800  1000  500  500  0.05  2.75  5.5  3  10.2  0.65  0.75  57.5  40  55  0.05  2.5  3  180  4  275  20  8  8.76  60  0.11  0.095  450  1.65  0.044  0.205  30.4  4.36  99.38  5.75  1.2  5.367  0.93  0.3  0.6  30  0.015  0.6  10.7  7.55
0.875  30  15  4  30000  300000  4000  5000  1800  1000  500  500  0.05  2.75  5.5  3  10.2  0.65  0.75  57.5  40  55  0.05  2.5  3  180  4  275  20  8  8.8  60  0.11  0.095  450  1.65  0.044  0.205  30.4  4.36  99.38  5.75  1.2  5.367  0.93  0.3  0.6  30  0.015  0.6  10.7  7.55
0.875  30  15  4  30000  300000  4000  5000  1800  1000  500  500  0.05  2.75  5.5  3  10.2  0.65  0.75  57.5  40  55  0.05  2.5  3  180  4  275  20  8  8.84  60  0.11  0.095  450  1.65  0.044  0.205  30.4  4.36  99.38  5.75  1.2  5.367  0.93  0.3  0.6  30  0.015  0.6  10.7  7.55
0.875  30  15  4  30000  300000  4000  5000  1800  1000  500  500  0.05  2.75  5.5  3  10.2  0.65  0.75  57.5  40  55  0.05  2.5  3  180  4  275  20  8  8.88  60  0.11  0.095  450  1.65  0.044  0.205  30.4  4.36  99.38  5.75  1.2  5.367  0.93  0.3  0.6  30  0.015  0.6  10.7  7.55
0.875  30  15  4  30000  300000  4000  5000  1800  1000  500  500  0.05  2.75  5.5  3  10.2  0.65  0.75  57.5  40  55  0.05  2.5  3  180  4  275  20  8  8.92  60  0.11  0.095  450  1.65  0.044  0.205  30.4  4.36  99.38  5.75  1.2  5.367  0.93  0.3  0.6  30  0.015  0.6  10.7  7.55
0.875  30  15  4  30000  300000  4000  5000  1800  1000  500  500  0.05  2.75  5.5  3  10.2  0.65  0.75  57.5  40  55  0.05  2.5  3  180  4  275  20  8  8.96  60  0.11  0.095  450  1.65  0.044  0.205  30.4  4.36  99.38  5.75  1.2  5.367  0.93  0.3  0.6  30  0.015  0.6  10.7  7.55
0.875  30  15  4  30000  300000  4000  5000  1800  1000  500  500  0.05  2.75  5.5  3  10.2  0.65  0.75  57.5  40  55  0.05  2.5  3  180  4  275  20  8  9  60  0.11  0.095  450  1.65  0.044  0.205  30.4  4.36  99.38  5.75  1.2  5.367  0.93  0.3  0.6  30  0.015  0.6  10.7  7.55
0.875  30  15  4  30000  300000  4000  5000  1800  1000  500  500  0.05  2.75  5.5  3  10.2  0.65  0.75  57.5  40  55  0.05  2.5  3  180  4  275  20  8  9.04  60  0.11  0.095  450  1.65  0.044  0.205  30.4  4.36  99.38  5.75  1.2  5.367  0.93  0.3  0.6  30  0.015  0.6  10.7  7.55
0.875  30  15  4  30000  300000  4000  5000  1800  1000  500  500  0.05  2.75  5.5  3  10.2  0.65  0.75  57.5  40  55  0.05  2.5  3  180  4  275  20  8  9.08  60  0.11  0.095  450  1.65  0.044  0.205  30.4  4.36  99.38  5.75  1.2  5.367  0.93  0.3  0.6  30  0.015  0.6  10.7  7.55
0.875  30  15  4  30000  300000  4000  5000  1800  1000  500  500  0.05  2.75  5.5  3  10.2  0.65  0.75  57.5  40  55  0.05  2.5  3  180  4  275  20  8  9.12  60  0.11  0.095  450  1.65  0.044  0.205  30.4  4.36  99.38  5.75  1.2  5.367  0.93  0.3  0.6  30  0.015  0.6  10.7  7.55
0.875  30  15  4  30000  300000  4000  5000  1800  1000  500  500  0.05  2.75  5.5  3  10.2  0.65  0.75  57.5  40  55  0.05  2.5  3  180  4  275  20  8  9.16  60  0.11  0.095  450  1.65  0.044  0.205  30.4  4.36  99.38  5.75  1.2  5.367  0.93  0.3  0.6  30  0.015  0.6  10.7  7.55
0.875  30  15  4  30000  300000  4000  5000  1800  1000  500  500  0.05  2.75  5.5  3  10.2  0.65  0.75  57.5  40  55  0.05  2.5  3  180  4  275  20  8  9.2  60  0.11  0.095  450  1.65  0.044  0.205  30.4  4.36  99.38  5.75  1.2  5.367  0.93  0.3  0.6  30  0.015  0.6  10.7  7.55
0.875  30  15  4  30000  300000  4000  5000  1800  1000  500  500  0.05  2.75  5.5  3  10.2  0.65  0.75  57.5  40  55  0.05  2.5  3  180  4  275  20  8  9.24  60  0.11  0.095  450  1.65  0.044  0.205  30.4  4.36  99.38  5.75  1.2  5.367  0.93  0.3  0.6  30  0.015  0.6  10.7  7.55
0.875  30  15  4  30000  300000  4000  5000  1800  1000  500  500  0.05  2.75  5.5  3  10.2  0.65  0.75  57.5  40  55  0.05  2.5  3  180  4  275  20  8  9.28  60  0.11  0.095  450  1.65  0.044  0.205  30.4  4.36  99.38  5.75  1.2  5.367  0.93  0.3  0.6  30  0.015  0.6  10.7  7.55
0.875  30  15  4  30000  300000  4000  5000  1800  1000  500  500  0.05  2.75  5.5  3  10.2  0.65  0.75  57.5  40  55  0.05  2.5  3  180  4  275  20  8  9.32  60  0.11  0.095  450  1.65  0.044  0.205  30.4  4.36  99.38  5.75  1.2  5.367  0.93  0.3  0.6  30  0.015  0.6  10.7  7.55
0.875  30  15  4  30000  300000  4000  5000  1800  1000  500  500  0.05  2.75  5.5  3  10.2  0.65  0.75  57.5  40  55  0.05  2.5  3  180  4  275  20  8  9.36  60  0.11  0.095  450  1.65  0.044  0.205  30.4  4.36  99.38  5.75  1.2  5.367  0.93  0.3  0.6  30  0.015  0.6  10.7  7.55
0.875  30  15  4  30000  300000  4000  5000  1800  1000  500  500  0.05  2.75  5.5  3  10.2  0.65  0.75  57.5  40  55  0.05  2.5  3  180  4  275  20  8  9.4  60  0.11  0.095  450  1.65  0.044  0.205  30.4  4.36  99.38  5.75  1.2  5.367  0.93  0.3  0.6  30  0.015  0.6  10.7  7.55
0.875  30  15  4  30000  300000  4000  5000  1800  1000  500  500  0.05  2.75  5.5  3  10.2  0.65  0.75  57.5  40  55  0.05  2.5  3  180  4  275  20  8  9.44  60  0.11  0.095  450  1.65  0.044  0.205  30.4  4.36  99.38  5.75  1.2  5.367  0.93  0.3  0.6  30  0.015  0.6  10.7  7.55
0.875  30  15  4  30000  300000  4000  5000  1800  1000  500  500  0.05  2.75  5.5  3  10.2  0.65  0.75  57.5  40  55  0.05  2.5  3  180  4  275  20  8  9.48  60  0.11  0.095  450  1.65  0.044  0.205  30.4  4.36  99.38  5.75  1.2  5.367  0.93  0.3  0.6  30  0.015  0.6  10.7  7.55
0.875  30  15  4  30000  300000  4000  5000  1800  1000  500  500  0.05  2.75  5.5  3  10.2  0.65  0.75  57.5  40  55  0.05  2.5  3  180  4  275  20  8  9.52  60  0.11  0.095  450  1.65  0.044  0.205  30.4  4.36  99.38  5.75  1.2  5.367  0.93  0.3  0.6  30  0.015  0.6  10.7  7.55
0.875  30  15  4  30000  300000  4000  5000  1800  1000  500  500  0.05  2.75  5.5  3  10.2  0.65  0.75  57.5  40  55  0.05  2.5  3  180  4  275  20  8  9.56  60  0.11  0.095  450  1.65  0.044  0.205  30.4  4.36  99.38  5.75  1.2  5.367  0.93  0.3  0.6  30  0.015  0.6  10.7  7.55
0.875  30  15  4  30000  300000  4000  5000  1800  1000  500  500  0.05  2.75  5.5  3  10.2  0.65  0.75  57.5  40  55  0.05  2.5  3  180  4  275  20  8  9.6  60  0.11  0.095  450  1.65  0.044  0.205  30.4  4.36  99.38  5.75  1.2  5.367  0.93  0.3  0.6  30  0.015  0.6  10.7  7.55
0.875  30  15  4  30000  300000  4000  5000  1800  1000  500  500  0.05  2.75  5.5  3  10.2  0.65  0.75  57.5  40  55  0.05  2.5  3  180  4  275  20  8  9.64  60  0.11  0.095  450  1.65  0.044  0.205  30.4  4.36  99.38  5.75  1.2  5.367  0.93  0.3  0.6  30  0.015  0.6  10.7  7.55
0.875  30  15  4  30000  300000  4000  5000  1800  1000  500  500  0.05  2.75  5.5  3  10.2  0.65  0.75  57.5  40  55  0.05  2.5  3  180  4  275  20  8  9.68  60  0.11  0.095  450  1.65  0.044  0.205  30.4  4.36  99.38  5.75  1.2  5.367  0.93  0.3  0.6  30  0.015  0.6  10.7  7.55
0.875  30  15  4  30000  300000  4000  5000  1800  1000  500  500  0.05  2.75  5.5  3  10.2  0.65  0.75  57.5  40  55  0.05  2.5  3  180  4  275  20  8  9.72  60  0.11  0.095  450  1.65  0.044  0.205  30.4  4.36  99.38  5.75  1.2  5.367  0.93  0.3  0.6  30  0.015  0.6  10.7  7.55
0.875  30  15  4  30000  300000  4000  5000  1800  1000  500  500  0.05  2.75  5.5  3  10.2  0.65  0.75  57.5  40  55  0.05  2.5  3  180  4  275  20  8  9.76  60  0.11  0.095  450  1.65  0.044  0.205  30.4  4.36  99.38  5.75  1.2  5.367  0.93  0.3  0.6  30  0.015  0.6  10.7  7.55
0.875  30  15  4  30000  300000  4000  5000  1800  1000  500  500  0.05  2.75  5.5  3  10.2  0.65  0.75  57.5  40  55  0.05  2.5  3  180  4  275  20  8  9.8  60  0.11  0.095  450  1.65  0.044  0.205  30.4  4.36  99.38  5.75  1.2  5.367  0.93  0.3  0.6  30  0.015  0.6  10.7  7.55
0.875  30  15  4  30000  300000  4000  5000  1800  1000  500  500  0.05  2.75  5.5  3  10.2  0.65  0.75  57.5  40  55  0.05  2.5  3  180  4  275  20  8  9.84  60  0.11  0.095  450  1.65  0.044  0.205  30.4  4.36  99.38  5.75  1.2  5.367  0.93  0.3  0.6  30  0.015  0.6  10.7  7.55
0.875  30  15  4  30000  300000  4000  5000  1800  1000  500  500  0.05  2.75  5.5  3  10.2  0.65  0.75  57.5  40  55  0.05  2.5  3  180  4  275  20  8  9.88  60  0.11  0.095  450  1.65  0.044  0.205  30.4  4.36  99.38  5.75  1.2  5.367  0.93  0.3  0.6  30  0.015  0.6  10.7  7.55
0.875  30  15  4  30000  300000  4000  5000  1800  1000  500  500  0.05  2.75  5.5  3  10.2  0.65  0.75  57.5  40  55  0.05  2.5  3  180  4  275  20  8  9.92  60  0.11  0.095  450  1.65  0.044  0.205  30.4  4.36  99.38  5.75  1.2  5.367  0.93  0.3  0.6  30  0.015  0.6  10.7  7.55
0.875  30  15  4  30000  300000  4000  5000  1800  1000  500  500  0.05  2.75  5.5  3  10.2  0.65  0.75  57.5  40  55  0.05  2.5  3  180  4  275  20  8  9.96  60  0.11  0.095  450  1.65  0.044  0.205  30.4  4.36  99.38  5.75  1.2  5.367  0.93  0.3  0.6  30  0.015  0.6  10.7  7.55
0.875  30  15  4  30000  300000  4000  5000  1800  1000  500  500  0.05  2.75  5.5  3  10.2  0.65  0.75  57.5  40  55  0.05  2.5  3  180  4  275  20  8  10  60  0.11  0.095  450  1.65  0.044  0.205  30.4  4.36  99.38  5.75  1.2  5.367  0.93  0.3  0.6  30  0.015  0.6  10.7  7.55