0.875  25  15  4  30000  300000  4000  5000  1800  1000  500  500  0.05  2.75  5.5  3  10.2  0.65  0.75  57.5  40  55  0.05  2.5  3  180  4  275  20  8  8  60  0.11  0.095  450  1.65  0.044  0.205  30.4  4.36  99.38  5.75  1.2  5.367  0.93  0.3  0.6  30  0.015  0.6  10.7  7.55
0.875  25.1  15  4  30000  300000  4000  5000  1800  1000  500  500  0.05  2.75  5.5  3  10.2  0.65  0.75  57.5  40  55  0.05  2.5  3  180  4  275  20  8  8  60  0.11  0.095  450  1.65  0.044  0.205  30.4  4.36  99.38  5.75  1.2  5.367  0.93  0.3  0.6  30  0.015  0.6  10.7  7.55
0.875  25.2  15  4  30000  300000  4000  5000  1800  1000  500  500  0.05  2.75  5.5  3  10.2  0.65  0.75  57.5  40  55  0.05  2.5  3  180  4  275  20  8  8  60  0.11  0.095  450  1.65  0.044  0.205  30.4  4.36  99.38  5.75  1.2  5.367  0.93  0.3  0.6  30  0.015  0.6  10.7  7.55
0.875  25.3  15  4  30000  300000  4000  5000  1800  1000  500  500  0.05  2.75  5.5  3  10.2  0.65  0.75  57.5  40  55  0.05  2.5  3  180  4  275  20  8  8  60  0.11  0.095  450  1.65  0.044  0.205  30.4  4.36  99.38  5.75  1.2  5.367  0.93  0.3  0.6  30  0.015  0.6  10.7  7.55
0.875  25.4  15  4  30000  300000  4000  5000  1800  1000  500  500  0.05  2.75  5.5  3  10.2  0.65  0.75  57.5  40  55  0.05  2.5  3  180  4  275  20  8  8  60  0.11  0.095  450  1.65  0.044  0.205  30.4  4.36  99.38  5.75  1.2  5.367  0.93  0.3  0.6  30  0.015  0.6  10.7  7.55
0.875  25.5  15  4  30000  300000  4000  5000  1800  1000  500  500  0.05  2.75  5.5  3  10.2  0.65  0.75  57.5  40  55  0.05  2.5  3  180  4  275  20  8  8  60  0.11  0.095  450  1.65  0.044  0.205  30.4  4.36  99.38  5.75  1.2  5.367  0.93  0.3  0.6  30  0.015  0.6  10.7  7.55
0.875  25.6  15  4  30000  300000  4000  5000  1800  1000  500  500  0.05  2.75  5.5  3  10.2  0.65  0.75  57.5  40  55  0.05  2.5  3  180  4  275  20  8  8  60  0.11  0.095  450  1.65  0.044  0.205  30.4  4.36  99.38  5.75  1.2  5.367  0.93  0.3  0.6  30  0.015  0.6  10.7  7.55
0.875  25.7  15  4  30000  300000  4000  5000  1800  1000  500  500  0.05  2.75  5.5  3  10.2  0.65  0.75  57.5  40  55  0.05  2.5  3  180  4  275  20  8  8  60  0.11  0.095  450  1.65  0.044  0.205  30.4  4.36  99.38  5.75  1.2  5.367  0.93  0.3  0.6  30  0.015  0.6  10.7  7.55
0.875  25.8  15  4  30000  300000  4000  5000  1800  1000  500  500  0.05  2.75  5.5  3  10.2  0.65  0.75  57.5  40  55  0.05  2.5  3  180  4  275  20  8  8  60  0.11  0.095  450  1.65  0.044  0.205  30.4  4.36  99.38  5.75  1.2  5.367  0.93  0.3  0.6  30  0.015  0.6  10.7  7.55
0.875  25.9  15  4  30000  300000  4000  5000  1800  1000  500  500  0.05  2.75  5.5  3  10.2  0.65  0.75  57.5  40  55  0.05  2.5  3  180  4  275  20  8  8  60  0.11  0.095  450  1.65  0.044  0.205  30.4  4.36  99.38  5.75  1.2  5.367  0.93  0.3  0.6  30  0.015  0.6  10.7  7.55
0.875  26  15  4  30000  300000  4000  5000  1800  1000  500  500  0.05  2.75  5.5  3  10.2  0.65  0.75  57.5  40  55  0.05  2.5  3  180  4  275  20  8  8  60  0.11  0.095  450  1.65  0.044  0.205  30.4  4.36  99.38  5.75  1.2  5.367  0.93  0.3  0.6  30  0.015  0.6  10.7  7.55
0.875  26.1  15  4  30000  300000  4000  5000  1800  1000  500  500  0.05  2.75  5.5  3  10.2  0.65  0.75  57.5  40  55  0.05  2.5  3  180  4  275  20  8  8  60  0.11  0.095  450  1.65  0.044  0.205  30.4  4.36  99.38  5.75  1.2  5.367  0.93  0.3  0.6  30  0.015  0.6  10.7  7.55
0.875  26.2  15  4  30000  300000  4000  5000  1800  1000  500  500  0.05  2.75  5.5  3  10.2  0.65  0.75  57.5  40  55  0.05  2.5  3  180  4  275  20  8  8  60  0.11  0.095  450  1.65  0.044  0.205  30.4  4.36  99.38  5.75  1.2  5.367  0.93  0.3  0.6  30  0.015  0.6  10.7  7.55
0.875  26.3  15  4  30000  300000  4000  5000  1800  1000  500  500  0.05  2.75  5.5  3  10.2  0.65  0.75  57.5  40  55  0.05  2.5  3  180  4  275  20  8  8  60  0.11  0.095  450  1.65  0.044  0.205  30.4  4.36  99.38  5.75  1.2  5.367  0.93  0.3  0.6  30  0.015  0.6  10.7  7.55
0.875  26.4  15  4  30000  300000  4000  5000  1800  1000  500  500  0.05  2.75  5.5  3  10.2  0.65  0.75  57.5  40  55  0.05  2.5  3  180  4  275  20  8  8  60  0.11  0.095  450  1.65  0.044  0.205  30.4  4.36  99.38  5.75  1.2  5.367  0.93  0.3  0.6  30  0.015  0.6  10.7  7.55
0.875  26.5  15  4  30000  300000  4000  5000  1800  1000  500  500  0.05  2.75  5.5  3  10.2  0.65  0.75  57.5  40  55  0.05  2.5  3  180  4  275  20  8  8  60  0.11  0.095  450  1.65  0.044  0.205  30.4  4.36  99.38  5.75  1.2  5.367  0.93  0.3  0.6  30  0.015  0.6  10.7  7.55
0.875  26.6  15  4  30000  300000  4000  5000  1800  1000  500  500  0.05  2.75  5.5  3  10.2  0.65  0.75  57.5  40  55  0.05  2.5  3  180  4  275  20  8  8  60  0.11  0.095  450  1.65  0.044  0.205  30.4  4.36  99.38  5.75  1.2  5.367  0.93  0.3  0.6  30  0.015  0.6  10.7  7.55
0.875  26.7  15  4  30000  300000  4000  5000  1800  1000  500  500  0.05  2.75  5.5  3  10.2  0.65  0.75  57.5  40  55  0.05  2.5  3  180  4  275  20  8  8  60  0.11  0.095  450  1.65  0.044  0.205  30.4  4.36  99.38  5.75  1.2  5.367  0.93  0.3  0.6  30  0.015  0.6  10.7  7.55
0.875  26.8  15  4  30000  300000  4000  5000  1800  1000  500  500  0.05  2.75  5.5  3  10.2  0.65  0.75  57.5  40  55  0.05  2.5  3  180  4  275  20  8  8  60  0.11  0.095  450  1.65  0.044  0.205  30.4  4.36  99.38  5.75  1.2  5.367  0.93  0.3  0.6  30  0.015  0.6  10.7  7.55
0.875  26.9  15  4  30000  300000  4000  5000  1800  1000  500  500  0.05  2.75  5.5  3  10.2  0.65  0.75  57.5  40  55  0.05  2.5  3  180  4  275  20  8  8  60  0.11  0.095  450  1.65  0.044  0.205  30.4  4.36  99.38  5.75  1.2  5.367  0.93  0.3  0.6  30  0.015  0.6  10.7  7.55
0.875  27  15  4  30000  300000  4000  5000  1800  1000  500  500  0.05  2.75  5.5  3  10.2  0.65  0.75  57.5  40  55  0.05  2.5  3  180  4  275  20  8  8  60  0.11  0.095  450  1.65  0.044  0.205  30.4  4.36  99.38  5.75  1.2  5.367  0.93  0.3  0.6  30  0.015  0.6  10.7  7.55
0.875  27.1  15  4  30000  300000  4000  5000  1800  1000  500  500  0.05  2.75  5.5  3  10.2  0.65  0.75  57.5  40  55  0.05  2.5  3  180  4  275  20  8  8  60  0.11  0.095  450  1.65  0.044  0.205  30.4  4.36  99.38  5.75  1.2  5.367  0.93  0.3  0.6  30  0.015  0.6  10.7  7.55
0.875  27.2  15  4  30000  300000  4000  5000  1800  1000  500  500  0.05  2.75  5.5  3  10.2  0.65  0.75  57.5  40  55  0.05  2.5  3  180  4  275  20  8  8  60  0.11  0.095  450  1.65  0.044  0.205  30.4  4.36  99.38  5.75  1.2  5.367  0.93  0.3  0.6  30  0.015  0.6  10.7  7.55
0.875  27.3  15  4  30000  300000  4000  5000  1800  1000  500  500  0.05  2.75  5.5  3  10.2  0.65  0.75  57.5  40  55  0.05  2.5  3  180  4  275  20  8  8  60  0.11  0.095  450  1.65  0.044  0.205  30.4  4.36  99.38  5.75  1.2  5.367  0.93  0.3  0.6  30  0.015  0.6  10.7  7.55
0.875  27.4  15  4  30000  300000  4000  5000  1800  1000  500  500  0.05  2.75  5.5  3  10.2  0.65  0.75  57.5  40  55  0.05  2.5  3  180  4  275  20  8  8  60  0.11  0.095  450  1.65  0.044  0.205  30.4  4.36  99.38  5.75  1.2  5.367  0.93  0.3  0.6  30  0.015  0.6  10.7  7.55
0.875  27.5  15  4  30000  300000  4000  5000  1800  1000  500  500  0.05  2.75  5.5  3  10.2  0.65  0.75  57.5  40  55  0.05  2.5  3  180  4  275  20  8  8  60  0.11  0.095  450  1.65  0.044  0.205  30.4  4.36  99.38  5.75  1.2  5.367  0.93  0.3  0.6  30  0.015  0.6  10.7  7.55
0.875  27.6  15  4  30000  300000  4000  5000  1800  1000  500  500  0.05  2.75  5.5  3  10.2  0.65  0.75  57.5  40  55  0.05  2.5  3  180  4  275  20  8  8  60  0.11  0.095  450  1.65  0.044  0.205  30.4  4.36  99.38  5.75  1.2  5.367  0.93  0.3  0.6  30  0.015  0.6  10.7  7.55
0.875  27.7  15  4  30000  300000  4000  5000  1800  1000  500  500  0.05  2.75  5.5  3  10.2  0.65  0.75  57.5  40  55  0.05  2.5  3  180  4  275  20  8  8  60  0.11  0.095  450  1.65  0.044  0.205  30.4  4.36  99.38  5.75  1.2  5.367  0.93  0.3  0.6  30  0.015  0.6  10.7  7.55
0.875  27.8  15  4  30000  300000  4000  5000  1800  1000  500  500  0.05  2.75  5.5  3  10.2  0.65  0.75  57.5  40  55  0.05  2.5  3  180  4  275  20  8  8  60  0.11  0.095  450  1.65  0.044  0.205  30.4  4.36  99.38  5.75  1.2  5.367  0.93  0.3  0.6  30  0.015  0.6  10.7  7.55
0.875  27.9  15  4  30000  300000  4000  5000  1800  1000  500  500  0.05  2.75  5.5  3  10.2  0.65  0.75  57.5  40  55  0.05  2.5  3  180  4  275  20  8  8  60  0.11  0.095  450  1.65  0.044  0.205  30.4  4.36  99.38  5.75  1.2  5.367  0.93  0.3  0.6  30  0.015  0.6  10.7  7.55
0.875  28  15  4  30000  300000  4000  5000  1800  1000  500  500  0.05  2.75  5.5  3  10.2  0.65  0.75  57.5  40  55  0.05  2.5  3  180  4  275  20  8  8  60  0.11  0.095  450  1.65  0.044  0.205  30.4  4.36  99.38  5.75  1.2  5.367  0.93  0.3  0.6  30  0.015  0.6  10.7  7.55
0.875  28.1  15  4  30000  300000  4000  5000  1800  1000  500  500  0.05  2.75  5.5  3  10.2  0.65  0.75  57.5  40  55  0.05  2.5  3  180  4  275  20  8  8  60  0.11  0.095  450  1.65  0.044  0.205  30.4  4.36  99.38  5.75  1.2  5.367  0.93  0.3  0.6  30  0.015  0.6  10.7  7.55
0.875  28.2  15  4  30000  300000  4000  5000  1800  1000  500  500  0.05  2.75  5.5  3  10.2  0.65  0.75  57.5  40  55  0.05  2.5  3  180  4  275  20  8  8  60  0.11  0.095  450  1.65  0.044  0.205  30.4  4.36  99.38  5.75  1.2  5.367  0.93  0.3  0.6  30  0.015  0.6  10.7  7.55
0.875  28.3  15  4  30000  300000  4000  5000  1800  1000  500  500  0.05  2.75  5.5  3  10.2  0.65  0.75  57.5  40  55  0.05  2.5  3  180  4  275  20  8  8  60  0.11  0.095  450  1.65  0.044  0.205  30.4  4.36  99.38  5.75  1.2  5.367  0.93  0.3  0.6  30  0.015  0.6  10.7  7.55
0.875  28.4  15  4  30000  300000  4000  5000  1800  1000  500  500  0.05  2.75  5.5  3  10.2  0.65  0.75  57.5  40  55  0.05  2.5  3  180  4  275  20  8  8  60  0.11  0.095  450  1.65  0.044  0.205  30.4  4.36  99.38  5.75  1.2  5.367  0.93  0.3  0.6  30  0.015  0.6  10.7  7.55
0.875  28.5  15  4  30000  300000  4000  5000  1800  1000  500  500  0.05  2.75  5.5  3  10.2  0.65  0.75  57.5  40  55  0.05  2.5  3  180  4  275  20  8  8  60  0.11  0.095  450  1.65  0.044  0.205  30.4  4.36  99.38  5.75  1.2  5.367  0.93  0.3  0.6  30  0.015  0.6  10.7  7.55
0.875  28.6  15  4  30000  300000  4000  5000  1800  1000  500  500  0.05  2.75  5.5  3  10.2  0.65  0.75  57.5  40  55  0.05  2.5  3  180  4  275  20  8  8  60  0.11  0.095  450  1.65  0.044  0.205  30.4  4.36  99.38  5.75  1.2  5.367  0.93  0.3  0.6  30  0.015  0.6  10.7  7.55
0.875  28.7  15  4  30000  300000  4000  5000  1800  1000  500  500  0.05  2.75  5.5  3  10.2  0.65  0.75  57.5  40  55  0.05  2.5  3  180  4  275  20  8  8  60  0.11  0.095  450  1.65  0.044  0.205  30.4  4.36  99.38  5.75  1.2  5.367  0.93  0.3  0.6  30  0.015  0.6  10.7  7.55
0.875  28.8  15  4  30000  300000  4000  5000  1800  1000  500  500  0.05  2.75  5.5  3  10.2  0.65  0.75  57.5  40  55  0.05  2.5  3  180  4  275  20  8  8  60  0.11  0.095  450  1.65  0.044  0.205  30.4  4.36  99.38  5.75  1.2  5.367  0.93  0.3  0.6  30  0.015  0.6  10.7  7.55
0.875  28.9  15  4  30000  300000  4000  5000  1800  1000  500  500  0.05  2.75  5.5  3  10.2  0.65  0.75  57.5  40  55  0.05  2.5  3  180  4  275  20  8  8  60  0.11  0.095  450  1.65  0.044  0.205  30.4  4.36  99.38  5.75  1.2  5.367  0.93  0.3  0.6  30  0.015  0.6  10.7  7.55
0.875  29  15  4  30000  300000  4000  5000  1800  1000  500  500  0.05  2.75  5.5  3  10.2  0.65  0.75  57.5  40  55  0.05  2.5  3  180  4  275  20  8  8  60  0.11  0.095  450  1.65  0.044  0.205  30.4  4.36  99.38  5.75  1.2  5.367  0.93  0.3  0.6  30  0.015  0.6  10.7  7.55
0.875  29.1  15  4  30000  300000  4000  5000  1800  1000  500  500  0.05  2.75  5.5  3  10.2  0.65  0.75  57.5  40  55  0.05  2.5  3  180  4  275  20  8  8  60  0.11  0.095  450  1.65  0.044  0.205  30.4  4.36  99.38  5.75  1.2  5.367  0.93  0.3  0.6  30  0.015  0.6  10.7  7.55
0.875  29.2  15  4  30000  300000  4000  5000  1800  1000  500  500  0.05  2.75  5.5  3  10.2  0.65  0.75  57.5  40  55  0.05  2.5  3  180  4  275  20  8  8  60  0.11  0.095  450  1.65  0.044  0.205  30.4  4.36  99.38  5.75  1.2  5.367  0.93  0.3  0.6  30  0.015  0.6  10.7  7.55
0.875  29.3  15  4  30000  300000  4000  5000  1800  1000  500  500  0.05  2.75  5.5  3  10.2  0.65  0.75  57.5  40  55  0.05  2.5  3  180  4  275  20  8  8  60  0.11  0.095  450  1.65  0.044  0.205  30.4  4.36  99.38  5.75  1.2  5.367  0.93  0.3  0.6  30  0.015  0.6  10.7  7.55
0.875  29.4  15  4  30000  300000  4000  5000  1800  1000  500  500  0.05  2.75  5.5  3  10.2  0.65  0.75  57.5  40  55  0.05  2.5  3  180  4  275  20  8  8  60  0.11  0.095  450  1.65  0.044  0.205  30.4  4.36  99.38  5.75  1.2  5.367  0.93  0.3  0.6  30  0.015  0.6  10.7  7.55
0.875  29.5  15  4  30000  300000  4000  5000  1800  1000  500  500  0.05  2.75  5.5  3  10.2  0.65  0.75  57.5  40  55  0.05  2.5  3  180  4  275  20  8  8  60  0.11  0.095  450  1.65  0.044  0.205  30.4  4.36  99.38  5.75  1.2  5.367  0.93  0.3  0.6  30  0.015  0.6  10.7  7.55
0.875  29.6  15  4  30000  300000  4000  5000  1800  1000  500  500  0.05  2.75  5.5  3  10.2  0.65  0.75  57.5  40  55  0.05  2.5  3  180  4  275  20  8  8  60  0.11  0.095  450  1.65  0.044  0.205  30.4  4.36  99.38  5.75  1.2  5.367  0.93  0.3  0.6  30  0.015  0.6  10.7  7.55
0.875  29.7  15  4  30000  300000  4000  5000  1800  1000  500  500  0.05  2.75  5.5  3  10.2  0.65  0.75  57.5  40  55  0.05  2.5  3  180  4  275  20  8  8  60  0.11  0.095  450  1.65  0.044  0.205  30.4  4.36  99.38  5.75  1.2  5.367  0.93  0.3  0.6  30  0.015  0.6  10.7  7.55
0.875  29.8  15  4  30000  300000  4000  5000  1800  1000  500  500  0.05  2.75  5.5  3  10.2  0.65  0.75  57.5  40  55  0.05  2.5  3  180  4  275  20  8  8  60  0.11  0.095  450  1.65  0.044  0.205  30.4  4.36  99.38  5.75  1.2  5.367  0.93  0.3  0.6  30  0.015  0.6  10.7  7.55
0.875  29.9  15  4  30000  300000  4000  5000  1800  1000  500  500  0.05  2.75  5.5  3  10.2  0.65  0.75  57.5  40  55  0.05  2.5  3  180  4  275  20  8  8  60  0.11  0.095  450  1.65  0.044  0.205  30.4  4.36  99.38  5.75  1.2  5.367  0.93  0.3  0.6  30  0.015  0.6  10.7  7.55
0.875  30  15  4  30000  300000  4000  5000  1800  1000  500  500  0.05  2.75  5.5  3  10.2  0.65  0.75  57.5  40  55  0.05  2.5  3  180  4  275  20  8  8  60  0.11  0.095  450  1.65  0.044  0.205  30.4  4.36  99.38  5.75  1.2  5.367  0.93  0.3  0.6  30  0.015  0.6  10.7  7.55
0.875  30.1  15  4  30000  300000  4000  5000  1800  1000  500  500  0.05  2.75  5.5  3  10.2  0.65  0.75  57.5  40  55  0.05  2.5  3  180  4  275  20  8  8  60  0.11  0.095  450  1.65  0.044  0.205  30.4  4.36  99.38  5.75  1.2  5.367  0.93  0.3  0.6  30  0.015  0.6  10.7  7.55
0.875  30.2  15  4  30000  300000  4000  5000  1800  1000  500  500  0.05  2.75  5.5  3  10.2  0.65  0.75  57.5  40  55  0.05  2.5  3  180  4  275  20  8  8  60  0.11  0.095  450  1.65  0.044  0.205  30.4  4.36  99.38  5.75  1.2  5.367  0.93  0.3  0.6  30  0.015  0.6  10.7  7.55
0.875  30.3  15  4  30000  300000  4000  5000  1800  1000  500  500  0.05  2.75  5.5  3  10.2  0.65  0.75  57.5  40  55  0.05  2.5  3  180  4  275  20  8  8  60  0.11  0.095  450  1.65  0.044  0.205  30.4  4.36  99.38  5.75  1.2  5.367  0.93  0.3  0.6  30  0.015  0.6  10.7  7.55
0.875  30.4  15  4  30000  300000  4000  5000  1800  1000  500  500  0.05  2.75  5.5  3  10.2  0.65  0.75  57.5  40  55  0.05  2.5  3  180  4  275  20  8  8  60  0.11  0.095  450  1.65  0.044  0.205  30.4  4.36  99.38  5.75  1.2  5.367  0.93  0.3  0.6  30  0.015  0.6  10.7  7.55
0.875  30.5  15  4  30000  300000  4000  5000  1800  1000  500  500  0.05  2.75  5.5  3  10.2  0.65  0.75  57.5  40  55  0.05  2.5  3  180  4  275  20  8  8  60  0.11  0.095  450  1.65  0.044  0.205  30.4  4.36  99.38  5.75  1.2  5.367  0.93  0.3  0.6  30  0.015  0.6  10.7  7.55
0.875  30.6  15  4  30000  300000  4000  5000  1800  1000  500  500  0.05  2.75  5.5  3  10.2  0.65  0.75  57.5  40  55  0.05  2.5  3  180  4  275  20  8  8  60  0.11  0.095  450  1.65  0.044  0.205  30.4  4.36  99.38  5.75  1.2  5.367  0.93  0.3  0.6  30  0.015  0.6  10.7  7.55
0.875  30.7  15  4  30000  300000  4000  5000  1800  1000  500  500  0.05  2.75  5.5  3  10.2  0.65  0.75  57.5  40  55  0.05  2.5  3  180  4  275  20  8  8  60  0.11  0.095  450  1.65  0.044  0.205  30.4  4.36  99.38  5.75  1.2  5.367  0.93  0.3  0.6  30  0.015  0.6  10.7  7.55
0.875  30.8  15  4  30000  300000  4000  5000  1800  1000  500  500  0.05  2.75  5.5  3  10.2  0.65  0.75  57.5  40  55  0.05  2.5  3  180  4  275  20  8  8  60  0.11  0.095  450  1.65  0.044  0.205  30.4  4.36  99.38  5.75  1.2  5.367  0.93  0.3  0.6  30  0.015  0.6  10.7  7.55
0.875  30.9  15  4  30000  300000  4000  5000  1800  1000  500  500  0.05  2.75  5.5  3  10.2  0.65  0.75  57.5  40  55  0.05  2.5  3  180  4  275  20  8  8  60  0.11  0.095  450  1.65  0.044  0.205  30.4  4.36  99.38  5.75  1.2  5.367  0.93  0.3  0.6  30  0.015  0.6  10.7  7.55
0.875  31  15  4  30000  300000  4000  5000  1800  1000  500  500  0.05  2.75  5.5  3  10.2  0.65  0.75  57.5  40  55  0.05  2.5  3  180  4  275  20  8  8  60  0.11  0.095  450  1.65  0.044  0.205  30.4  4.36  99.38  5.75  1.2  5.367  0.93  0.3  0.6  30  0.015  0.6  10.7  7.55
0.875  31.1  15  4  30000  300000  4000  5000  1800  1000  500  500  0.05  2.75  5.5  3  10.2  0.65  0.75  57.5  40  55  0.05  2.5  3  180  4  275  20  8  8  60  0.11  0.095  450  1.65  0.044  0.205  30.4  4.36  99.38  5.75  1.2  5.367  0.93  0.3  0.6  30  0.015  0.6  10.7  7.55
0.875  31.2  15  4  30000  300000  4000  5000  1800  1000  500  500  0.05  2.75  5.5  3  10.2  0.65  0.75  57.5  40  55  0.05  2.5  3  180  4  275  20  8  8  60  0.11  0.095  450  1.65  0.044  0.205  30.4  4.36  99.38  5.75  1.2  5.367  0.93  0.3  0.6  30  0.015  0.6  10.7  7.55
0.875  31.3  15  4  30000  300000  4000  5000  1800  1000  500  500  0.05  2.75  5.5  3  10.2  0.65  0.75  57.5  40  55  0.05  2.5  3  180  4  275  20  8  8  60  0.11  0.095  450  1.65  0.044  0.205  30.4  4.36  99.38  5.75  1.2  5.367  0.93  0.3  0.6  30  0.015  0.6  10.7  7.55
0.875  31.4  15  4  30000  300000  4000  5000  1800  1000  500  500  0.05  2.75  5.5  3  10.2  0.65  0.75  57.5  40  55  0.05  2.5  3  180  4  275  20  8  8  60  0.11  0.095  450  1.65  0.044  0.205  30.4  4.36  99.38  5.75  1.2  5.367  0.93  0.3  0.6  30  0.015  0.6  10.7  7.55
0.875  31.5  15  4  30000  300000  4000  5000  1800  1000  500  500  0.05  2.75  5.5  3  10.2  0.65  0.75  57.5  40  55  0.05  2.5  3  180  4  275  20  8  8  60  0.11  0.095  450  1.65  0.044  0.205  30.4  4.36  99.38  5.75  1.2  5.367  0.93  0.3  0.6  30  0.015  0.6  10.7  7.55
0.875  31.6  15  4  30000  300000  4000  5000  1800  1000  500  500  0.05  2.75  5.5  3  10.2  0.65  0.75  57.5  40  55  0.05  2.5  3  180  4  275  20  8  8  60  0.11  0.095  450  1.65  0.044  0.205  30.4  4.36  99.38  5.75  1.2  5.367  0.93  0.3  0.6  30  0.015  0.6  10.7  7.55
0.875  31.7  15  4  30000  300000  4000  5000  1800  1000  500  500  0.05  2.75  5.5  3  10.2  0.65  0.75  57.5  40  55  0.05  2.5  3  180  4  275  20  8  8  60  0.11  0.095  450  1.65  0.044  0.205  30.4  4.36  99.38  5.75  1.2  5.367  0.93  0.3  0.6  30  0.015  0.6  10.7  7.55
0.875  31.8  15  4  30000  300000  4000  5000  1800  1000  500  500  0.05  2.75  5.5  3  10.2  0.65  0.75  57.5  40  55  0.05  2.5  3  180  4  275  20  8  8  60  0.11  0.095  450  1.65  0.044  0.205  30.4  4.36  99.38  5.75  1.2  5.367  0.93  0.3  0.6  30  0.015  0.6  10.7  7.55
0.875  31.9  15  4  30000  300000  4000  5000  1800  1000  500  500  0.05  2.75  5.5  3  10.2  0.65  0.75  57.5  40  55  0.05  2.5  3  180  4  275  20  8  8  60  0.11  0.095  450  1.65  0.044  0.205  30.4  4.36  99.38  5.75  1.2  5.367  0.93  0.3  0.6  30  0.015  0.6  10.7  7.55
0.875  32  15  4  30000  300000  4000  5000  1800  1000  500  500  0.05  2.75  5.5  3  10.2  0.65  0.75  57.5  40  55  0.05  2.5  3  180  4  275  20  8  8  60  0.11  0.095  450  1.65  0.044  0.205  30.4  4.36  99.38  5.75  1.2  5.367  0.93  0.3  0.6  30  0.015  0.6  10.7  7.55
0.875  32.1  15  4  30000  300000  4000  5000  1800  1000  500  500  0.05  2.75  5.5  3  10.2  0.65  0.75  57.5  40  55  0.05  2.5  3  180  4  275  20  8  8  60  0.11  0.095  450  1.65  0.044  0.205  30.4  4.36  99.38  5.75  1.2  5.367  0.93  0.3  0.6  30  0.015  0.6  10.7  7.55
0.875  32.2  15  4  30000  300000  4000  5000  1800  1000  500  500  0.05  2.75  5.5  3  10.2  0.65  0.75  57.5  40  55  0.05  2.5  3  180  4  275  20  8  8  60  0.11  0.095  450  1.65  0.044  0.205  30.4  4.36  99.38  5.75  1.2  5.367  0.93  0.3  0.6  30  0.015  0.6  10.7  7.55
0.875  32.3  15  4  30000  300000  4000  5000  1800  1000  500  500  0.05  2.75  5.5  3  10.2  0.65  0.75  57.5  40  55  0.05  2.5  3  180  4  275  20  8  8  60  0.11  0.095  450  1.65  0.044  0.205  30.4  4.36  99.38  5.75  1.2  5.367  0.93  0.3  0.6  30  0.015  0.6  10.7  7.55
0.875  32.4  15  4  30000  300000  4000  5000  1800  1000  500  500  0.05  2.75  5.5  3  10.2  0.65  0.75  57.5  40  55  0.05  2.5  3  180  4  275  20  8  8  60  0.11  0.095  450  1.65  0.044  0.205  30.4  4.36  99.38  5.75  1.2  5.367  0.93  0.3  0.6  30  0.015  0.6  10.7  7.55
0.875  32.5  15  4  30000  300000  4000  5000  1800  1000  500  500  0.05  2.75  5.5  3  10.2  0.65  0.75  57.5  40  55  0.05  2.5  3  180  4  275  20  8  8  60  0.11  0.095  450  1.65  0.044  0.205  30.4  4.36  99.38  5.75  1.2  5.367  0.93  0.3  0.6  30  0.015  0.6  10.7  7.55
0.875  32.6  15  4  30000  300000  4000  5000  1800  1000  500  500  0.05  2.75  5.5  3  10.2  0.65  0.75  57.5  40  55  0.05  2.5  3  180  4  275  20  8  8  60  0.11  0.095  450  1.65  0.044  0.205  30.4  4.36  99.38  5.75  1.2  5.367  0.93  0.3  0.6  30  0.015  0.6  10.7  7.55
0.875  32.7  15  4  30000  300000  4000  5000  1800  1000  500  500  0.05  2.75  5.5  3  10.2  0.65  0.75  57.5  40  55  0.05  2.5  3  180  4  275  20  8  8  60  0.11  0.095  450  1.65  0.044  0.205  30.4  4.36  99.38  5.75  1.2  5.367  0.93  0.3  0.6  30  0.015  0.6  10.7  7.55
0.875  32.8  15  4  30000  300000  4000  5000  1800  1000  500  500  0.05  2.75  5.5  3  10.2  0.65  0.75  57.5  40  55  0.05  2.5  3  180  4  275  20  8  8  60  0.11  0.095  450  1.65  0.044  0.205  30.4  4.36  99.38  5.75  1.2  5.367  0.93  0.3  0.6  30  0.015  0.6  10.7  7.55
0.875  32.9  15  4  30000  300000  4000  5000  1800  1000  500  500  0.05  2.75  5.5  3  10.2  0.65  0.75  57.5  40  55  0.05  2.5  3  180  4  275  20  8  8  60  0.11  0.095  450  1.65  0.044  0.205  30.4  4.36  99.38  5.75  1.2  5.367  0.93  0.3  0.6  30  0.015  0.6  10.7  7.55
0.875  33  15  4  30000  300000  4000  5000  1800  1000  500  500  0.05  2.75  5.5  3  10.2  0.65  0.75  57.5  40  55  0.05  2.5  3  180  4  275  20  8  8  60  0.11  0.095  450  1.65  0.044  0.205  30.4  4.36  99.38  5.75  1.2  5.367  0.93  0.3  0.6  30  0.015  0.6  10.7  7.55
0.875  33.1  15  4  30000  300000  4000  5000  1800  1000  500  500  0.05  2.75  5.5  3  10.2  0.65  0.75  57.5  40  55  0.05  2.5  3  180  4  275  20  8  8  60  0.11  0.095  450  1.65  0.044  0.205  30.4  4.36  99.38  5.75  1.2  5.367  0.93  0.3  0.6  30  0.015  0.6  10.7  7.55
0.875  33.2  15  4  30000  300000  4000  5000  1800  1000  500  500  0.05  2.75  5.5  3  10.2  0.65  0.75  57.5  40  55  0.05  2.5  3  180  4  275  20  8  8  60  0.11  0.095  450  1.65  0.044  0.205  30.4  4.36  99.38  5.75  1.2  5.367  0.93  0.3  0.6  30  0.015  0.6  10.7  7.55
0.875  33.3  15  4  30000  300000  4000  5000  1800  1000  500  500  0.05  2.75  5.5  3  10.2  0.65  0.75  57.5  40  55  0.05  2.5  3  180  4  275  20  8  8  60  0.11  0.095  450  1.65  0.044  0.205  30.4  4.36  99.38  5.75  1.2  5.367  0.93  0.3  0.6  30  0.015  0.6  10.7  7.55
0.875  33.4  15  4  30000  300000  4000  5000  1800  1000  500  500  0.05  2.75  5.5  3  10.2  0.65  0.75  57.5  40  55  0.05  2.5  3  180  4  275  20  8  8  60  0.11  0.095  450  1.65  0.044  0.205  30.4  4.36  99.38  5.75  1.2  5.367  0.93  0.3  0.6  30  0.015  0.6  10.7  7.55
0.875  33.5  15  4  30000  300000  4000  5000  1800  1000  500  500  0.05  2.75  5.5  3  10.2  0.65  0.75  57.5  40  55  0.05  2.5  3  180  4  275  20  8  8  60  0.11  0.095  450  1.65  0.044  0.205  30.4  4.36  99.38  5.75  1.2  5.367  0.93  0.3  0.6  30  0.015  0.6  10.7  7.55
0.875  33.6  15  4  30000  300000  4000  5000  1800  1000  500  500  0.05  2.75  5.5  3  10.2  0.65  0.75  57.5  40  55  0.05  2.5  3  180  4  275  20  8  8  60  0.11  0.095  450  1.65  0.044  0.205  30.4  4.36  99.38  5.75  1.2  5.367  0.93  0.3  0.6  30  0.015  0.6  10.7  7.55
0.875  33.7  15  4  30000  300000  4000  5000  1800  1000  500  500  0.05  2.75  5.5  3  10.2  0.65  0.75  57.5  40  55  0.05  2.5  3  180  4  275  20  8  8  60  0.11  0.095  450  1.65  0.044  0.205  30.4  4.36  99.38  5.75  1.2  5.367  0.93  0.3  0.6  30  0.015  0.6  10.7  7.55
0.875  33.8  15  4  30000  300000  4000  5000  1800  1000  500  500  0.05  2.75  5.5  3  10.2  0.65  0.75  57.5  40  55  0.05  2.5  3  180  4  275  20  8  8  60  0.11  0.095  450  1.65  0.044  0.205  30.4  4.36  99.38  5.75  1.2  5.367  0.93  0.3  0.6  30  0.015  0.6  10.7  7.55
0.875  33.9  15  4  30000  300000  4000  5000  1800  1000  500  500  0.05  2.75  5.5  3  10.2  0.65  0.75  57.5  40  55  0.05  2.5  3  180  4  275  20  8  8  60  0.11  0.095  450  1.65  0.044  0.205  30.4  4.36  99.38  5.75  1.2  5.367  0.93  0.3  0.6  30  0.015  0.6  10.7  7.55
0.875  34  15  4  30000  300000  4000  5000  1800  1000  500  500  0.05  2.75  5.5  3  10.2  0.65  0.75  57.5  40  55  0.05  2.5  3  180  4  275  20  8  8  60  0.11  0.095  450  1.65  0.044  0.205  30.4  4.36  99.38  5.75  1.2  5.367  0.93  0.3  0.6  30  0.015  0.6  10.7  7.55
0.875  34.1  15  4  30000  300000  4000  5000  1800  1000  500  500  0.05  2.75  5.5  3  10.2  0.65  0.75  57.5  40  55  0.05  2.5  3  180  4  275  20  8  8  60  0.11  0.095  450  1.65  0.044  0.205  30.4  4.36  99.38  5.75  1.2  5.367  0.93  0.3  0.6  30  0.015  0.6  10.7  7.55
0.875  34.2  15  4  30000  300000  4000  5000  1800  1000  500  500  0.05  2.75  5.5  3  10.2  0.65  0.75  57.5  40  55  0.05  2.5  3  180  4  275  20  8  8  60  0.11  0.095  450  1.65  0.044  0.205  30.4  4.36  99.38  5.75  1.2  5.367  0.93  0.3  0.6  30  0.015  0.6  10.7  7.55
0.875  34.3  15  4  30000  300000  4000  5000  1800  1000  500  500  0.05  2.75  5.5  3  10.2  0.65  0.75  57.5  40  55  0.05  2.5  3  180  4  275  20  8  8  60  0.11  0.095  450  1.65  0.044  0.205  30.4  4.36  99.38  5.75  1.2  5.367  0.93  0.3  0.6  30  0.015  0.6  10.7  7.55
0.875  34.4  15  4  30000  300000  4000  5000  1800  1000  500  500  0.05  2.75  5.5  3  10.2  0.65  0.75  57.5  40  55  0.05  2.5  3  180  4  275  20  8  8  60  0.11  0.095  450  1.65  0.044  0.205  30.4  4.36  99.38  5.75  1.2  5.367  0.93  0.3  0.6  30  0.015  0.6  10.7  7.55
0.875  34.5  15  4  30000  300000  4000  5000  1800  1000  500  500  0.05  2.75  5.5  3  10.2  0.65  0.75  57.5  40  55  0.05  2.5  3  180  4  275  20  8  8  60  0.11  0.095  450  1.65  0.044  0.205  30.4  4.36  99.38  5.75  1.2  5.367  0.93  0.3  0.6  30  0.015  0.6  10.7  7.55
0.875  34.6  15  4  30000  300000  4000  5000  1800  1000  500  500  0.05  2.75  5.5  3  10.2  0.65  0.75  57.5  40  55  0.05  2.5  3  180  4  275  20  8  8  60  0.11  0.095  450  1.65  0.044  0.205  30.4  4.36  99.38  5.75  1.2  5.367  0.93  0.3  0.6  30  0.015  0.6  10.7  7.55
0.875  34.7  15  4  30000  300000  4000  5000  1800  1000  500  500  0.05  2.75  5.5  3  10.2  0.65  0.75  57.5  40  55  0.05  2.5  3  180  4  275  20  8  8  60  0.11  0.095  450  1.65  0.044  0.205  30.4  4.36  99.38  5.75  1.2  5.367  0.93  0.3  0.6  30  0.015  0.6  10.7  7.55
0.875  34.8  15  4  30000  300000  4000  5000  1800  1000  500  500  0.05  2.75  5.5  3  10.2  0.65  0.75  57.5  40  55  0.05  2.5  3  180  4  275  20  8  8  60  0.11  0.095  450  1.65  0.044  0.205  30.4  4.36  99.38  5.75  1.2  5.367  0.93  0.3  0.6  30  0.015  0.6  10.7  7.55
0.875  34.9  15  4  30000  300000  4000  5000  1800  1000  500  500  0.05  2.75  5.5  3  10.2  0.65  0.75  57.5  40  55  0.05  2.5  3  180  4  275  20  8  8  60  0.11  0.095  450  1.65  0.044  0.205  30.4  4.36  99.38  5.75  1.2  5.367  0.93  0.3  0.6  30  0.015  0.6  10.7  7.55
0.875  35  15  4  30000  300000  4000  5000  1800  1000  500  500  0.05  2.75  5.5  3  10.2  0.65  0.75  57.5  40  55  0.05  2.5  3  180  4  275  20  8  8  60  0.11  0.095  450  1.65  0.044  0.205  30.4  4.36  99.38  5.75  1.2  5.367  0.93  0.3  0.6  30  0.015  0.6  10.7  7.55