0.875  30  15  4  30000  300000  4000  5000  1800  1000  500  500  0.05  2.75  5.5  3  10.2  0.65  0.65  57.5  40  55  0.05  2.5  3  180  4  275  20  8  8  60  0.11  0.095  450  1.65  0.044  0.205  30.4  4.36  99.38  5.75  1.2  5.367  0.93  0.3  0.6  30  0.015  0.6  10.7  7.55
0.875  30  15  4  30000  300000  4000  5000  1800  1000  500  500  0.05  2.75  5.5  3  10.2  0.65  0.652  57.5  40  55  0.05  2.5  3  180  4  275  20  8  8  60  0.11  0.095  450  1.65  0.044  0.205  30.4  4.36  99.38  5.75  1.2  5.367  0.93  0.3  0.6  30  0.015  0.6  10.7  7.55
0.875  30  15  4  30000  300000  4000  5000  1800  1000  500  500  0.05  2.75  5.5  3  10.2  0.65  0.654  57.5  40  55  0.05  2.5  3  180  4  275  20  8  8  60  0.11  0.095  450  1.65  0.044  0.205  30.4  4.36  99.38  5.75  1.2  5.367  0.93  0.3  0.6  30  0.015  0.6  10.7  7.55
0.875  30  15  4  30000  300000  4000  5000  1800  1000  500  500  0.05  2.75  5.5  3  10.2  0.65  0.656  57.5  40  55  0.05  2.5  3  180  4  275  20  8  8  60  0.11  0.095  450  1.65  0.044  0.205  30.4  4.36  99.38  5.75  1.2  5.367  0.93  0.3  0.6  30  0.015  0.6  10.7  7.55
0.875  30  15  4  30000  300000  4000  5000  1800  1000  500  500  0.05  2.75  5.5  3  10.2  0.65  0.658  57.5  40  55  0.05  2.5  3  180  4  275  20  8  8  60  0.11  0.095  450  1.65  0.044  0.205  30.4  4.36  99.38  5.75  1.2  5.367  0.93  0.3  0.6  30  0.015  0.6  10.7  7.55
0.875  30  15  4  30000  300000  4000  5000  1800  1000  500  500  0.05  2.75  5.5  3  10.2  0.65  0.66  57.5  40  55  0.05  2.5  3  180  4  275  20  8  8  60  0.11  0.095  450  1.65  0.044  0.205  30.4  4.36  99.38  5.75  1.2  5.367  0.93  0.3  0.6  30  0.015  0.6  10.7  7.55
0.875  30  15  4  30000  300000  4000  5000  1800  1000  500  500  0.05  2.75  5.5  3  10.2  0.65  0.662  57.5  40  55  0.05  2.5  3  180  4  275  20  8  8  60  0.11  0.095  450  1.65  0.044  0.205  30.4  4.36  99.38  5.75  1.2  5.367  0.93  0.3  0.6  30  0.015  0.6  10.7  7.55
0.875  30  15  4  30000  300000  4000  5000  1800  1000  500  500  0.05  2.75  5.5  3  10.2  0.65  0.664  57.5  40  55  0.05  2.5  3  180  4  275  20  8  8  60  0.11  0.095  450  1.65  0.044  0.205  30.4  4.36  99.38  5.75  1.2  5.367  0.93  0.3  0.6  30  0.015  0.6  10.7  7.55
0.875  30  15  4  30000  300000  4000  5000  1800  1000  500  500  0.05  2.75  5.5  3  10.2  0.65  0.666  57.5  40  55  0.05  2.5  3  180  4  275  20  8  8  60  0.11  0.095  450  1.65  0.044  0.205  30.4  4.36  99.38  5.75  1.2  5.367  0.93  0.3  0.6  30  0.015  0.6  10.7  7.55
0.875  30  15  4  30000  300000  4000  5000  1800  1000  500  500  0.05  2.75  5.5  3  10.2  0.65  0.668  57.5  40  55  0.05  2.5  3  180  4  275  20  8  8  60  0.11  0.095  450  1.65  0.044  0.205  30.4  4.36  99.38  5.75  1.2  5.367  0.93  0.3  0.6  30  0.015  0.6  10.7  7.55
0.875  30  15  4  30000  300000  4000  5000  1800  1000  500  500  0.05  2.75  5.5  3  10.2  0.65  0.67  57.5  40  55  0.05  2.5  3  180  4  275  20  8  8  60  0.11  0.095  450  1.65  0.044  0.205  30.4  4.36  99.38  5.75  1.2  5.367  0.93  0.3  0.6  30  0.015  0.6  10.7  7.55
0.875  30  15  4  30000  300000  4000  5000  1800  1000  500  500  0.05  2.75  5.5  3  10.2  0.65  0.672  57.5  40  55  0.05  2.5  3  180  4  275  20  8  8  60  0.11  0.095  450  1.65  0.044  0.205  30.4  4.36  99.38  5.75  1.2  5.367  0.93  0.3  0.6  30  0.015  0.6  10.7  7.55
0.875  30  15  4  30000  300000  4000  5000  1800  1000  500  500  0.05  2.75  5.5  3  10.2  0.65  0.674  57.5  40  55  0.05  2.5  3  180  4  275  20  8  8  60  0.11  0.095  450  1.65  0.044  0.205  30.4  4.36  99.38  5.75  1.2  5.367  0.93  0.3  0.6  30  0.015  0.6  10.7  7.55
0.875  30  15  4  30000  300000  4000  5000  1800  1000  500  500  0.05  2.75  5.5  3  10.2  0.65  0.676  57.5  40  55  0.05  2.5  3  180  4  275  20  8  8  60  0.11  0.095  450  1.65  0.044  0.205  30.4  4.36  99.38  5.75  1.2  5.367  0.93  0.3  0.6  30  0.015  0.6  10.7  7.55
0.875  30  15  4  30000  300000  4000  5000  1800  1000  500  500  0.05  2.75  5.5  3  10.2  0.65  0.678  57.5  40  55  0.05  2.5  3  180  4  275  20  8  8  60  0.11  0.095  450  1.65  0.044  0.205  30.4  4.36  99.38  5.75  1.2  5.367  0.93  0.3  0.6  30  0.015  0.6  10.7  7.55
0.875  30  15  4  30000  300000  4000  5000  1800  1000  500  500  0.05  2.75  5.5  3  10.2  0.65  0.68  57.5  40  55  0.05  2.5  3  180  4  275  20  8  8  60  0.11  0.095  450  1.65  0.044  0.205  30.4  4.36  99.38  5.75  1.2  5.367  0.93  0.3  0.6  30  0.015  0.6  10.7  7.55
0.875  30  15  4  30000  300000  4000  5000  1800  1000  500  500  0.05  2.75  5.5  3  10.2  0.65  0.682  57.5  40  55  0.05  2.5  3  180  4  275  20  8  8  60  0.11  0.095  450  1.65  0.044  0.205  30.4  4.36  99.38  5.75  1.2  5.367  0.93  0.3  0.6  30  0.015  0.6  10.7  7.55
0.875  30  15  4  30000  300000  4000  5000  1800  1000  500  500  0.05  2.75  5.5  3  10.2  0.65  0.684  57.5  40  55  0.05  2.5  3  180  4  275  20  8  8  60  0.11  0.095  450  1.65  0.044  0.205  30.4  4.36  99.38  5.75  1.2  5.367  0.93  0.3  0.6  30  0.015  0.6  10.7  7.55
0.875  30  15  4  30000  300000  4000  5000  1800  1000  500  500  0.05  2.75  5.5  3  10.2  0.65  0.686  57.5  40  55  0.05  2.5  3  180  4  275  20  8  8  60  0.11  0.095  450  1.65  0.044  0.205  30.4  4.36  99.38  5.75  1.2  5.367  0.93  0.3  0.6  30  0.015  0.6  10.7  7.55
0.875  30  15  4  30000  300000  4000  5000  1800  1000  500  500  0.05  2.75  5.5  3  10.2  0.65  0.688  57.5  40  55  0.05  2.5  3  180  4  275  20  8  8  60  0.11  0.095  450  1.65  0.044  0.205  30.4  4.36  99.38  5.75  1.2  5.367  0.93  0.3  0.6  30  0.015  0.6  10.7  7.55
0.875  30  15  4  30000  300000  4000  5000  1800  1000  500  500  0.05  2.75  5.5  3  10.2  0.65  0.69  57.5  40  55  0.05  2.5  3  180  4  275  20  8  8  60  0.11  0.095  450  1.65  0.044  0.205  30.4  4.36  99.38  5.75  1.2  5.367  0.93  0.3  0.6  30  0.015  0.6  10.7  7.55
0.875  30  15  4  30000  300000  4000  5000  1800  1000  500  500  0.05  2.75  5.5  3  10.2  0.65  0.692  57.5  40  55  0.05  2.5  3  180  4  275  20  8  8  60  0.11  0.095  450  1.65  0.044  0.205  30.4  4.36  99.38  5.75  1.2  5.367  0.93  0.3  0.6  30  0.015  0.6  10.7  7.55
0.875  30  15  4  30000  300000  4000  5000  1800  1000  500  500  0.05  2.75  5.5  3  10.2  0.65  0.694  57.5  40  55  0.05  2.5  3  180  4  275  20  8  8  60  0.11  0.095  450  1.65  0.044  0.205  30.4  4.36  99.38  5.75  1.2  5.367  0.93  0.3  0.6  30  0.015  0.6  10.7  7.55
0.875  30  15  4  30000  300000  4000  5000  1800  1000  500  500  0.05  2.75  5.5  3  10.2  0.65  0.696  57.5  40  55  0.05  2.5  3  180  4  275  20  8  8  60  0.11  0.095  450  1.65  0.044  0.205  30.4  4.36  99.38  5.75  1.2  5.367  0.93  0.3  0.6  30  0.015  0.6  10.7  7.55
0.875  30  15  4  30000  300000  4000  5000  1800  1000  500  500  0.05  2.75  5.5  3  10.2  0.65  0.698  57.5  40  55  0.05  2.5  3  180  4  275  20  8  8  60  0.11  0.095  450  1.65  0.044  0.205  30.4  4.36  99.38  5.75  1.2  5.367  0.93  0.3  0.6  30  0.015  0.6  10.7  7.55
0.875  30  15  4  30000  300000  4000  5000  1800  1000  500  500  0.05  2.75  5.5  3  10.2  0.65  0.7  57.5  40  55  0.05  2.5  3  180  4  275  20  8  8  60  0.11  0.095  450  1.65  0.044  0.205  30.4  4.36  99.38  5.75  1.2  5.367  0.93  0.3  0.6  30  0.015  0.6  10.7  7.55
0.875  30  15  4  30000  300000  4000  5000  1800  1000  500  500  0.05  2.75  5.5  3  10.2  0.65  0.702  57.5  40  55  0.05  2.5  3  180  4  275  20  8  8  60  0.11  0.095  450  1.65  0.044  0.205  30.4  4.36  99.38  5.75  1.2  5.367  0.93  0.3  0.6  30  0.015  0.6  10.7  7.55
0.875  30  15  4  30000  300000  4000  5000  1800  1000  500  500  0.05  2.75  5.5  3  10.2  0.65  0.704  57.5  40  55  0.05  2.5  3  180  4  275  20  8  8  60  0.11  0.095  450  1.65  0.044  0.205  30.4  4.36  99.38  5.75  1.2  5.367  0.93  0.3  0.6  30  0.015  0.6  10.7  7.55
0.875  30  15  4  30000  300000  4000  5000  1800  1000  500  500  0.05  2.75  5.5  3  10.2  0.65  0.706  57.5  40  55  0.05  2.5  3  180  4  275  20  8  8  60  0.11  0.095  450  1.65  0.044  0.205  30.4  4.36  99.38  5.75  1.2  5.367  0.93  0.3  0.6  30  0.015  0.6  10.7  7.55
0.875  30  15  4  30000  300000  4000  5000  1800  1000  500  500  0.05  2.75  5.5  3  10.2  0.65  0.708  57.5  40  55  0.05  2.5  3  180  4  275  20  8  8  60  0.11  0.095  450  1.65  0.044  0.205  30.4  4.36  99.38  5.75  1.2  5.367  0.93  0.3  0.6  30  0.015  0.6  10.7  7.55
0.875  30  15  4  30000  300000  4000  5000  1800  1000  500  500  0.05  2.75  5.5  3  10.2  0.65  0.71  57.5  40  55  0.05  2.5  3  180  4  275  20  8  8  60  0.11  0.095  450  1.65  0.044  0.205  30.4  4.36  99.38  5.75  1.2  5.367  0.93  0.3  0.6  30  0.015  0.6  10.7  7.55
0.875  30  15  4  30000  300000  4000  5000  1800  1000  500  500  0.05  2.75  5.5  3  10.2  0.65  0.712  57.5  40  55  0.05  2.5  3  180  4  275  20  8  8  60  0.11  0.095  450  1.65  0.044  0.205  30.4  4.36  99.38  5.75  1.2  5.367  0.93  0.3  0.6  30  0.015  0.6  10.7  7.55
0.875  30  15  4  30000  300000  4000  5000  1800  1000  500  500  0.05  2.75  5.5  3  10.2  0.65  0.714  57.5  40  55  0.05  2.5  3  180  4  275  20  8  8  60  0.11  0.095  450  1.65  0.044  0.205  30.4  4.36  99.38  5.75  1.2  5.367  0.93  0.3  0.6  30  0.015  0.6  10.7  7.55
0.875  30  15  4  30000  300000  4000  5000  1800  1000  500  500  0.05  2.75  5.5  3  10.2  0.65  0.716  57.5  40  55  0.05  2.5  3  180  4  275  20  8  8  60  0.11  0.095  450  1.65  0.044  0.205  30.4  4.36  99.38  5.75  1.2  5.367  0.93  0.3  0.6  30  0.015  0.6  10.7  7.55
0.875  30  15  4  30000  300000  4000  5000  1800  1000  500  500  0.05  2.75  5.5  3  10.2  0.65  0.718  57.5  40  55  0.05  2.5  3  180  4  275  20  8  8  60  0.11  0.095  450  1.65  0.044  0.205  30.4  4.36  99.38  5.75  1.2  5.367  0.93  0.3  0.6  30  0.015  0.6  10.7  7.55
0.875  30  15  4  30000  300000  4000  5000  1800  1000  500  500  0.05  2.75  5.5  3  10.2  0.65  0.72  57.5  40  55  0.05  2.5  3  180  4  275  20  8  8  60  0.11  0.095  450  1.65  0.044  0.205  30.4  4.36  99.38  5.75  1.2  5.367  0.93  0.3  0.6  30  0.015  0.6  10.7  7.55
0.875  30  15  4  30000  300000  4000  5000  1800  1000  500  500  0.05  2.75  5.5  3  10.2  0.65  0.722  57.5  40  55  0.05  2.5  3  180  4  275  20  8  8  60  0.11  0.095  450  1.65  0.044  0.205  30.4  4.36  99.38  5.75  1.2  5.367  0.93  0.3  0.6  30  0.015  0.6  10.7  7.55
0.875  30  15  4  30000  300000  4000  5000  1800  1000  500  500  0.05  2.75  5.5  3  10.2  0.65  0.724  57.5  40  55  0.05  2.5  3  180  4  275  20  8  8  60  0.11  0.095  450  1.65  0.044  0.205  30.4  4.36  99.38  5.75  1.2  5.367  0.93  0.3  0.6  30  0.015  0.6  10.7  7.55
0.875  30  15  4  30000  300000  4000  5000  1800  1000  500  500  0.05  2.75  5.5  3  10.2  0.65  0.726  57.5  40  55  0.05  2.5  3  180  4  275  20  8  8  60  0.11  0.095  450  1.65  0.044  0.205  30.4  4.36  99.38  5.75  1.2  5.367  0.93  0.3  0.6  30  0.015  0.6  10.7  7.55
0.875  30  15  4  30000  300000  4000  5000  1800  1000  500  500  0.05  2.75  5.5  3  10.2  0.65  0.728  57.5  40  55  0.05  2.5  3  180  4  275  20  8  8  60  0.11  0.095  450  1.65  0.044  0.205  30.4  4.36  99.38  5.75  1.2  5.367  0.93  0.3  0.6  30  0.015  0.6  10.7  7.55
0.875  30  15  4  30000  300000  4000  5000  1800  1000  500  500  0.05  2.75  5.5  3  10.2  0.65  0.73  57.5  40  55  0.05  2.5  3  180  4  275  20  8  8  60  0.11  0.095  450  1.65  0.044  0.205  30.4  4.36  99.38  5.75  1.2  5.367  0.93  0.3  0.6  30  0.015  0.6  10.7  7.55
0.875  30  15  4  30000  300000  4000  5000  1800  1000  500  500  0.05  2.75  5.5  3  10.2  0.65  0.732  57.5  40  55  0.05  2.5  3  180  4  275  20  8  8  60  0.11  0.095  450  1.65  0.044  0.205  30.4  4.36  99.38  5.75  1.2  5.367  0.93  0.3  0.6  30  0.015  0.6  10.7  7.55
0.875  30  15  4  30000  300000  4000  5000  1800  1000  500  500  0.05  2.75  5.5  3  10.2  0.65  0.734  57.5  40  55  0.05  2.5  3  180  4  275  20  8  8  60  0.11  0.095  450  1.65  0.044  0.205  30.4  4.36  99.38  5.75  1.2  5.367  0.93  0.3  0.6  30  0.015  0.6  10.7  7.55
0.875  30  15  4  30000  300000  4000  5000  1800  1000  500  500  0.05  2.75  5.5  3  10.2  0.65  0.736  57.5  40  55  0.05  2.5  3  180  4  275  20  8  8  60  0.11  0.095  450  1.65  0.044  0.205  30.4  4.36  99.38  5.75  1.2  5.367  0.93  0.3  0.6  30  0.015  0.6  10.7  7.55
0.875  30  15  4  30000  300000  4000  5000  1800  1000  500  500  0.05  2.75  5.5  3  10.2  0.65  0.738  57.5  40  55  0.05  2.5  3  180  4  275  20  8  8  60  0.11  0.095  450  1.65  0.044  0.205  30.4  4.36  99.38  5.75  1.2  5.367  0.93  0.3  0.6  30  0.015  0.6  10.7  7.55
0.875  30  15  4  30000  300000  4000  5000  1800  1000  500  500  0.05  2.75  5.5  3  10.2  0.65  0.74  57.5  40  55  0.05  2.5  3  180  4  275  20  8  8  60  0.11  0.095  450  1.65  0.044  0.205  30.4  4.36  99.38  5.75  1.2  5.367  0.93  0.3  0.6  30  0.015  0.6  10.7  7.55
0.875  30  15  4  30000  300000  4000  5000  1800  1000  500  500  0.05  2.75  5.5  3  10.2  0.65  0.742  57.5  40  55  0.05  2.5  3  180  4  275  20  8  8  60  0.11  0.095  450  1.65  0.044  0.205  30.4  4.36  99.38  5.75  1.2  5.367  0.93  0.3  0.6  30  0.015  0.6  10.7  7.55
0.875  30  15  4  30000  300000  4000  5000  1800  1000  500  500  0.05  2.75  5.5  3  10.2  0.65  0.744  57.5  40  55  0.05  2.5  3  180  4  275  20  8  8  60  0.11  0.095  450  1.65  0.044  0.205  30.4  4.36  99.38  5.75  1.2  5.367  0.93  0.3  0.6  30  0.015  0.6  10.7  7.55
0.875  30  15  4  30000  300000  4000  5000  1800  1000  500  500  0.05  2.75  5.5  3  10.2  0.65  0.746  57.5  40  55  0.05  2.5  3  180  4  275  20  8  8  60  0.11  0.095  450  1.65  0.044  0.205  30.4  4.36  99.38  5.75  1.2  5.367  0.93  0.3  0.6  30  0.015  0.6  10.7  7.55
0.875  30  15  4  30000  300000  4000  5000  1800  1000  500  500  0.05  2.75  5.5  3  10.2  0.65  0.748  57.5  40  55  0.05  2.5  3  180  4  275  20  8  8  60  0.11  0.095  450  1.65  0.044  0.205  30.4  4.36  99.38  5.75  1.2  5.367  0.93  0.3  0.6  30  0.015  0.6  10.7  7.55
0.875  30  15  4  30000  300000  4000  5000  1800  1000  500  500  0.05  2.75  5.5  3  10.2  0.65  0.75  57.5  40  55  0.05  2.5  3  180  4  275  20  8  8  60  0.11  0.095  450  1.65  0.044  0.205  30.4  4.36  99.38  5.75  1.2  5.367  0.93  0.3  0.6  30  0.015  0.6  10.7  7.55
0.875  30  15  4  30000  300000  4000  5000  1800  1000  500  500  0.05  2.75  5.5  3  10.2  0.65  0.752  57.5  40  55  0.05  2.5  3  180  4  275  20  8  8  60  0.11  0.095  450  1.65  0.044  0.205  30.4  4.36  99.38  5.75  1.2  5.367  0.93  0.3  0.6  30  0.015  0.6  10.7  7.55
0.875  30  15  4  30000  300000  4000  5000  1800  1000  500  500  0.05  2.75  5.5  3  10.2  0.65  0.754  57.5  40  55  0.05  2.5  3  180  4  275  20  8  8  60  0.11  0.095  450  1.65  0.044  0.205  30.4  4.36  99.38  5.75  1.2  5.367  0.93  0.3  0.6  30  0.015  0.6  10.7  7.55
0.875  30  15  4  30000  300000  4000  5000  1800  1000  500  500  0.05  2.75  5.5  3  10.2  0.65  0.756  57.5  40  55  0.05  2.5  3  180  4  275  20  8  8  60  0.11  0.095  450  1.65  0.044  0.205  30.4  4.36  99.38  5.75  1.2  5.367  0.93  0.3  0.6  30  0.015  0.6  10.7  7.55
0.875  30  15  4  30000  300000  4000  5000  1800  1000  500  500  0.05  2.75  5.5  3  10.2  0.65  0.758  57.5  40  55  0.05  2.5  3  180  4  275  20  8  8  60  0.11  0.095  450  1.65  0.044  0.205  30.4  4.36  99.38  5.75  1.2  5.367  0.93  0.3  0.6  30  0.015  0.6  10.7  7.55
0.875  30  15  4  30000  300000  4000  5000  1800  1000  500  500  0.05  2.75  5.5  3  10.2  0.65  0.76  57.5  40  55  0.05  2.5  3  180  4  275  20  8  8  60  0.11  0.095  450  1.65  0.044  0.205  30.4  4.36  99.38  5.75  1.2  5.367  0.93  0.3  0.6  30  0.015  0.6  10.7  7.55
0.875  30  15  4  30000  300000  4000  5000  1800  1000  500  500  0.05  2.75  5.5  3  10.2  0.65  0.762  57.5  40  55  0.05  2.5  3  180  4  275  20  8  8  60  0.11  0.095  450  1.65  0.044  0.205  30.4  4.36  99.38  5.75  1.2  5.367  0.93  0.3  0.6  30  0.015  0.6  10.7  7.55
0.875  30  15  4  30000  300000  4000  5000  1800  1000  500  500  0.05  2.75  5.5  3  10.2  0.65  0.764  57.5  40  55  0.05  2.5  3  180  4  275  20  8  8  60  0.11  0.095  450  1.65  0.044  0.205  30.4  4.36  99.38  5.75  1.2  5.367  0.93  0.3  0.6  30  0.015  0.6  10.7  7.55
0.875  30  15  4  30000  300000  4000  5000  1800  1000  500  500  0.05  2.75  5.5  3  10.2  0.65  0.766  57.5  40  55  0.05  2.5  3  180  4  275  20  8  8  60  0.11  0.095  450  1.65  0.044  0.205  30.4  4.36  99.38  5.75  1.2  5.367  0.93  0.3  0.6  30  0.015  0.6  10.7  7.55
0.875  30  15  4  30000  300000  4000  5000  1800  1000  500  500  0.05  2.75  5.5  3  10.2  0.65  0.768  57.5  40  55  0.05  2.5  3  180  4  275  20  8  8  60  0.11  0.095  450  1.65  0.044  0.205  30.4  4.36  99.38  5.75  1.2  5.367  0.93  0.3  0.6  30  0.015  0.6  10.7  7.55
0.875  30  15  4  30000  300000  4000  5000  1800  1000  500  500  0.05  2.75  5.5  3  10.2  0.65  0.77  57.5  40  55  0.05  2.5  3  180  4  275  20  8  8  60  0.11  0.095  450  1.65  0.044  0.205  30.4  4.36  99.38  5.75  1.2  5.367  0.93  0.3  0.6  30  0.015  0.6  10.7  7.55
0.875  30  15  4  30000  300000  4000  5000  1800  1000  500  500  0.05  2.75  5.5  3  10.2  0.65  0.772  57.5  40  55  0.05  2.5  3  180  4  275  20  8  8  60  0.11  0.095  450  1.65  0.044  0.205  30.4  4.36  99.38  5.75  1.2  5.367  0.93  0.3  0.6  30  0.015  0.6  10.7  7.55
0.875  30  15  4  30000  300000  4000  5000  1800  1000  500  500  0.05  2.75  5.5  3  10.2  0.65  0.774  57.5  40  55  0.05  2.5  3  180  4  275  20  8  8  60  0.11  0.095  450  1.65  0.044  0.205  30.4  4.36  99.38  5.75  1.2  5.367  0.93  0.3  0.6  30  0.015  0.6  10.7  7.55
0.875  30  15  4  30000  300000  4000  5000  1800  1000  500  500  0.05  2.75  5.5  3  10.2  0.65  0.776  57.5  40  55  0.05  2.5  3  180  4  275  20  8  8  60  0.11  0.095  450  1.65  0.044  0.205  30.4  4.36  99.38  5.75  1.2  5.367  0.93  0.3  0.6  30  0.015  0.6  10.7  7.55
0.875  30  15  4  30000  300000  4000  5000  1800  1000  500  500  0.05  2.75  5.5  3  10.2  0.65  0.778  57.5  40  55  0.05  2.5  3  180  4  275  20  8  8  60  0.11  0.095  450  1.65  0.044  0.205  30.4  4.36  99.38  5.75  1.2  5.367  0.93  0.3  0.6  30  0.015  0.6  10.7  7.55
0.875  30  15  4  30000  300000  4000  5000  1800  1000  500  500  0.05  2.75  5.5  3  10.2  0.65  0.78  57.5  40  55  0.05  2.5  3  180  4  275  20  8  8  60  0.11  0.095  450  1.65  0.044  0.205  30.4  4.36  99.38  5.75  1.2  5.367  0.93  0.3  0.6  30  0.015  0.6  10.7  7.55
0.875  30  15  4  30000  300000  4000  5000  1800  1000  500  500  0.05  2.75  5.5  3  10.2  0.65  0.782  57.5  40  55  0.05  2.5  3  180  4  275  20  8  8  60  0.11  0.095  450  1.65  0.044  0.205  30.4  4.36  99.38  5.75  1.2  5.367  0.93  0.3  0.6  30  0.015  0.6  10.7  7.55
0.875  30  15  4  30000  300000  4000  5000  1800  1000  500  500  0.05  2.75  5.5  3  10.2  0.65  0.784  57.5  40  55  0.05  2.5  3  180  4  275  20  8  8  60  0.11  0.095  450  1.65  0.044  0.205  30.4  4.36  99.38  5.75  1.2  5.367  0.93  0.3  0.6  30  0.015  0.6  10.7  7.55
0.875  30  15  4  30000  300000  4000  5000  1800  1000  500  500  0.05  2.75  5.5  3  10.2  0.65  0.786  57.5  40  55  0.05  2.5  3  180  4  275  20  8  8  60  0.11  0.095  450  1.65  0.044  0.205  30.4  4.36  99.38  5.75  1.2  5.367  0.93  0.3  0.6  30  0.015  0.6  10.7  7.55
0.875  30  15  4  30000  300000  4000  5000  1800  1000  500  500  0.05  2.75  5.5  3  10.2  0.65  0.788  57.5  40  55  0.05  2.5  3  180  4  275  20  8  8  60  0.11  0.095  450  1.65  0.044  0.205  30.4  4.36  99.38  5.75  1.2  5.367  0.93  0.3  0.6  30  0.015  0.6  10.7  7.55
0.875  30  15  4  30000  300000  4000  5000  1800  1000  500  500  0.05  2.75  5.5  3  10.2  0.65  0.79  57.5  40  55  0.05  2.5  3  180  4  275  20  8  8  60  0.11  0.095  450  1.65  0.044  0.205  30.4  4.36  99.38  5.75  1.2  5.367  0.93  0.3  0.6  30  0.015  0.6  10.7  7.55
0.875  30  15  4  30000  300000  4000  5000  1800  1000  500  500  0.05  2.75  5.5  3  10.2  0.65  0.792  57.5  40  55  0.05  2.5  3  180  4  275  20  8  8  60  0.11  0.095  450  1.65  0.044  0.205  30.4  4.36  99.38  5.75  1.2  5.367  0.93  0.3  0.6  30  0.015  0.6  10.7  7.55
0.875  30  15  4  30000  300000  4000  5000  1800  1000  500  500  0.05  2.75  5.5  3  10.2  0.65  0.794  57.5  40  55  0.05  2.5  3  180  4  275  20  8  8  60  0.11  0.095  450  1.65  0.044  0.205  30.4  4.36  99.38  5.75  1.2  5.367  0.93  0.3  0.6  30  0.015  0.6  10.7  7.55
0.875  30  15  4  30000  300000  4000  5000  1800  1000  500  500  0.05  2.75  5.5  3  10.2  0.65  0.796  57.5  40  55  0.05  2.5  3  180  4  275  20  8  8  60  0.11  0.095  450  1.65  0.044  0.205  30.4  4.36  99.38  5.75  1.2  5.367  0.93  0.3  0.6  30  0.015  0.6  10.7  7.55
0.875  30  15  4  30000  300000  4000  5000  1800  1000  500  500  0.05  2.75  5.5  3  10.2  0.65  0.798  57.5  40  55  0.05  2.5  3  180  4  275  20  8  8  60  0.11  0.095  450  1.65  0.044  0.205  30.4  4.36  99.38  5.75  1.2  5.367  0.93  0.3  0.6  30  0.015  0.6  10.7  7.55
0.875  30  15  4  30000  300000  4000  5000  1800  1000  500  500  0.05  2.75  5.5  3  10.2  0.65  0.8  57.5  40  55  0.05  2.5  3  180  4  275  20  8  8  60  0.11  0.095  450  1.65  0.044  0.205  30.4  4.36  99.38  5.75  1.2  5.367  0.93  0.3  0.6  30  0.015  0.6  10.7  7.55
0.875  30  15  4  30000  300000  4000  5000  1800  1000  500  500  0.05  2.75  5.5  3  10.2  0.65  0.802  57.5  40  55  0.05  2.5  3  180  4  275  20  8  8  60  0.11  0.095  450  1.65  0.044  0.205  30.4  4.36  99.38  5.75  1.2  5.367  0.93  0.3  0.6  30  0.015  0.6  10.7  7.55
0.875  30  15  4  30000  300000  4000  5000  1800  1000  500  500  0.05  2.75  5.5  3  10.2  0.65  0.804  57.5  40  55  0.05  2.5  3  180  4  275  20  8  8  60  0.11  0.095  450  1.65  0.044  0.205  30.4  4.36  99.38  5.75  1.2  5.367  0.93  0.3  0.6  30  0.015  0.6  10.7  7.55
0.875  30  15  4  30000  300000  4000  5000  1800  1000  500  500  0.05  2.75  5.5  3  10.2  0.65  0.806  57.5  40  55  0.05  2.5  3  180  4  275  20  8  8  60  0.11  0.095  450  1.65  0.044  0.205  30.4  4.36  99.38  5.75  1.2  5.367  0.93  0.3  0.6  30  0.015  0.6  10.7  7.55
0.875  30  15  4  30000  300000  4000  5000  1800  1000  500  500  0.05  2.75  5.5  3  10.2  0.65  0.808  57.5  40  55  0.05  2.5  3  180  4  275  20  8  8  60  0.11  0.095  450  1.65  0.044  0.205  30.4  4.36  99.38  5.75  1.2  5.367  0.93  0.3  0.6  30  0.015  0.6  10.7  7.55
0.875  30  15  4  30000  300000  4000  5000  1800  1000  500  500  0.05  2.75  5.5  3  10.2  0.65  0.81  57.5  40  55  0.05  2.5  3  180  4  275  20  8  8  60  0.11  0.095  450  1.65  0.044  0.205  30.4  4.36  99.38  5.75  1.2  5.367  0.93  0.3  0.6  30  0.015  0.6  10.7  7.55
0.875  30  15  4  30000  300000  4000  5000  1800  1000  500  500  0.05  2.75  5.5  3  10.2  0.65  0.812  57.5  40  55  0.05  2.5  3  180  4  275  20  8  8  60  0.11  0.095  450  1.65  0.044  0.205  30.4  4.36  99.38  5.75  1.2  5.367  0.93  0.3  0.6  30  0.015  0.6  10.7  7.55
0.875  30  15  4  30000  300000  4000  5000  1800  1000  500  500  0.05  2.75  5.5  3  10.2  0.65  0.814  57.5  40  55  0.05  2.5  3  180  4  275  20  8  8  60  0.11  0.095  450  1.65  0.044  0.205  30.4  4.36  99.38  5.75  1.2  5.367  0.93  0.3  0.6  30  0.015  0.6  10.7  7.55
0.875  30  15  4  30000  300000  4000  5000  1800  1000  500  500  0.05  2.75  5.5  3  10.2  0.65  0.816  57.5  40  55  0.05  2.5  3  180  4  275  20  8  8  60  0.11  0.095  450  1.65  0.044  0.205  30.4  4.36  99.38  5.75  1.2  5.367  0.93  0.3  0.6  30  0.015  0.6  10.7  7.55
0.875  30  15  4  30000  300000  4000  5000  1800  1000  500  500  0.05  2.75  5.5  3  10.2  0.65  0.818  57.5  40  55  0.05  2.5  3  180  4  275  20  8  8  60  0.11  0.095  450  1.65  0.044  0.205  30.4  4.36  99.38  5.75  1.2  5.367  0.93  0.3  0.6  30  0.015  0.6  10.7  7.55
0.875  30  15  4  30000  300000  4000  5000  1800  1000  500  500  0.05  2.75  5.5  3  10.2  0.65  0.82  57.5  40  55  0.05  2.5  3  180  4  275  20  8  8  60  0.11  0.095  450  1.65  0.044  0.205  30.4  4.36  99.38  5.75  1.2  5.367  0.93  0.3  0.6  30  0.015  0.6  10.7  7.55
0.875  30  15  4  30000  300000  4000  5000  1800  1000  500  500  0.05  2.75  5.5  3  10.2  0.65  0.822  57.5  40  55  0.05  2.5  3  180  4  275  20  8  8  60  0.11  0.095  450  1.65  0.044  0.205  30.4  4.36  99.38  5.75  1.2  5.367  0.93  0.3  0.6  30  0.015  0.6  10.7  7.55
0.875  30  15  4  30000  300000  4000  5000  1800  1000  500  500  0.05  2.75  5.5  3  10.2  0.65  0.824  57.5  40  55  0.05  2.5  3  180  4  275  20  8  8  60  0.11  0.095  450  1.65  0.044  0.205  30.4  4.36  99.38  5.75  1.2  5.367  0.93  0.3  0.6  30  0.015  0.6  10.7  7.55
0.875  30  15  4  30000  300000  4000  5000  1800  1000  500  500  0.05  2.75  5.5  3  10.2  0.65  0.826  57.5  40  55  0.05  2.5  3  180  4  275  20  8  8  60  0.11  0.095  450  1.65  0.044  0.205  30.4  4.36  99.38  5.75  1.2  5.367  0.93  0.3  0.6  30  0.015  0.6  10.7  7.55
0.875  30  15  4  30000  300000  4000  5000  1800  1000  500  500  0.05  2.75  5.5  3  10.2  0.65  0.828  57.5  40  55  0.05  2.5  3  180  4  275  20  8  8  60  0.11  0.095  450  1.65  0.044  0.205  30.4  4.36  99.38  5.75  1.2  5.367  0.93  0.3  0.6  30  0.015  0.6  10.7  7.55
0.875  30  15  4  30000  300000  4000  5000  1800  1000  500  500  0.05  2.75  5.5  3  10.2  0.65  0.83  57.5  40  55  0.05  2.5  3  180  4  275  20  8  8  60  0.11  0.095  450  1.65  0.044  0.205  30.4  4.36  99.38  5.75  1.2  5.367  0.93  0.3  0.6  30  0.015  0.6  10.7  7.55
0.875  30  15  4  30000  300000  4000  5000  1800  1000  500  500  0.05  2.75  5.5  3  10.2  0.65  0.832  57.5  40  55  0.05  2.5  3  180  4  275  20  8  8  60  0.11  0.095  450  1.65  0.044  0.205  30.4  4.36  99.38  5.75  1.2  5.367  0.93  0.3  0.6  30  0.015  0.6  10.7  7.55
0.875  30  15  4  30000  300000  4000  5000  1800  1000  500  500  0.05  2.75  5.5  3  10.2  0.65  0.834  57.5  40  55  0.05  2.5  3  180  4  275  20  8  8  60  0.11  0.095  450  1.65  0.044  0.205  30.4  4.36  99.38  5.75  1.2  5.367  0.93  0.3  0.6  30  0.015  0.6  10.7  7.55
0.875  30  15  4  30000  300000  4000  5000  1800  1000  500  500  0.05  2.75  5.5  3  10.2  0.65  0.836  57.5  40  55  0.05  2.5  3  180  4  275  20  8  8  60  0.11  0.095  450  1.65  0.044  0.205  30.4  4.36  99.38  5.75  1.2  5.367  0.93  0.3  0.6  30  0.015  0.6  10.7  7.55
0.875  30  15  4  30000  300000  4000  5000  1800  1000  500  500  0.05  2.75  5.5  3  10.2  0.65  0.838  57.5  40  55  0.05  2.5  3  180  4  275  20  8  8  60  0.11  0.095  450  1.65  0.044  0.205  30.4  4.36  99.38  5.75  1.2  5.367  0.93  0.3  0.6  30  0.015  0.6  10.7  7.55
0.875  30  15  4  30000  300000  4000  5000  1800  1000  500  500  0.05  2.75  5.5  3  10.2  0.65  0.84  57.5  40  55  0.05  2.5  3  180  4  275  20  8  8  60  0.11  0.095  450  1.65  0.044  0.205  30.4  4.36  99.38  5.75  1.2  5.367  0.93  0.3  0.6  30  0.015  0.6  10.7  7.55
0.875  30  15  4  30000  300000  4000  5000  1800  1000  500  500  0.05  2.75  5.5  3  10.2  0.65  0.842  57.5  40  55  0.05  2.5  3  180  4  275  20  8  8  60  0.11  0.095  450  1.65  0.044  0.205  30.4  4.36  99.38  5.75  1.2  5.367  0.93  0.3  0.6  30  0.015  0.6  10.7  7.55
0.875  30  15  4  30000  300000  4000  5000  1800  1000  500  500  0.05  2.75  5.5  3  10.2  0.65  0.844  57.5  40  55  0.05  2.5  3  180  4  275  20  8  8  60  0.11  0.095  450  1.65  0.044  0.205  30.4  4.36  99.38  5.75  1.2  5.367  0.93  0.3  0.6  30  0.015  0.6  10.7  7.55
0.875  30  15  4  30000  300000  4000  5000  1800  1000  500  500  0.05  2.75  5.5  3  10.2  0.65  0.846  57.5  40  55  0.05  2.5  3  180  4  275  20  8  8  60  0.11  0.095  450  1.65  0.044  0.205  30.4  4.36  99.38  5.75  1.2  5.367  0.93  0.3  0.6  30  0.015  0.6  10.7  7.55
0.875  30  15  4  30000  300000  4000  5000  1800  1000  500  500  0.05  2.75  5.5  3  10.2  0.65  0.848  57.5  40  55  0.05  2.5  3  180  4  275  20  8  8  60  0.11  0.095  450  1.65  0.044  0.205  30.4  4.36  99.38  5.75  1.2  5.367  0.93  0.3  0.6  30  0.015  0.6  10.7  7.55
0.875  30  15  4  30000  300000  4000  5000  1800  1000  500  500  0.05  2.75  5.5  3  10.2  0.65  0.85  57.5  40  55  0.05  2.5  3  180  4  275  20  8  8  60  0.11  0.095  450  1.65  0.044  0.205  30.4  4.36  99.38  5.75  1.2  5.367  0.93  0.3  0.6  30  0.015  0.6  10.7  7.55