0.875  30  15  4  30000  300000  4000  5000  1800  1000  500  500  0.05  2.75  5.5  3  10.2  0.65  0.75  57.5  40  55  0.05  2.5  3  180  4  275  20  8  8  60  0.11  0.095  450  1.65  0.044  0.205  30.4  4.36  99.38  5.75  1.2  5.367  0.93  0.3  0.6  30  0.015  0.51  10.7  7.55
0.875  30  15  4  30000  300000  4000  5000  1800  1000  500  500  0.05  2.75  5.5  3  10.2  0.65  0.75  57.5  40  55  0.05  2.5  3  180  4  275  20  8  8  60  0.11  0.095  450  1.65  0.044  0.205  30.4  4.36  99.38  5.75  1.2  5.367  0.93  0.3  0.6  30  0.015  0.5118  10.7  7.55
0.875  30  15  4  30000  300000  4000  5000  1800  1000  500  500  0.05  2.75  5.5  3  10.2  0.65  0.75  57.5  40  55  0.05  2.5  3  180  4  275  20  8  8  60  0.11  0.095  450  1.65  0.044  0.205  30.4  4.36  99.38  5.75  1.2  5.367  0.93  0.3  0.6  30  0.015  0.5136  10.7  7.55
0.875  30  15  4  30000  300000  4000  5000  1800  1000  500  500  0.05  2.75  5.5  3  10.2  0.65  0.75  57.5  40  55  0.05  2.5  3  180  4  275  20  8  8  60  0.11  0.095  450  1.65  0.044  0.205  30.4  4.36  99.38  5.75  1.2  5.367  0.93  0.3  0.6  30  0.015  0.5154  10.7  7.55
0.875  30  15  4  30000  300000  4000  5000  1800  1000  500  500  0.05  2.75  5.5  3  10.2  0.65  0.75  57.5  40  55  0.05  2.5  3  180  4  275  20  8  8  60  0.11  0.095  450  1.65  0.044  0.205  30.4  4.36  99.38  5.75  1.2  5.367  0.93  0.3  0.6  30  0.015  0.5172  10.7  7.55
0.875  30  15  4  30000  300000  4000  5000  1800  1000  500  500  0.05  2.75  5.5  3  10.2  0.65  0.75  57.5  40  55  0.05  2.5  3  180  4  275  20  8  8  60  0.11  0.095  450  1.65  0.044  0.205  30.4  4.36  99.38  5.75  1.2  5.367  0.93  0.3  0.6  30  0.015  0.519  10.7  7.55
0.875  30  15  4  30000  300000  4000  5000  1800  1000  500  500  0.05  2.75  5.5  3  10.2  0.65  0.75  57.5  40  55  0.05  2.5  3  180  4  275  20  8  8  60  0.11  0.095  450  1.65  0.044  0.205  30.4  4.36  99.38  5.75  1.2  5.367  0.93  0.3  0.6  30  0.015  0.5208  10.7  7.55
0.875  30  15  4  30000  300000  4000  5000  1800  1000  500  500  0.05  2.75  5.5  3  10.2  0.65  0.75  57.5  40  55  0.05  2.5  3  180  4  275  20  8  8  60  0.11  0.095  450  1.65  0.044  0.205  30.4  4.36  99.38  5.75  1.2  5.367  0.93  0.3  0.6  30  0.015  0.5226  10.7  7.55
0.875  30  15  4  30000  300000  4000  5000  1800  1000  500  500  0.05  2.75  5.5  3  10.2  0.65  0.75  57.5  40  55  0.05  2.5  3  180  4  275  20  8  8  60  0.11  0.095  450  1.65  0.044  0.205  30.4  4.36  99.38  5.75  1.2  5.367  0.93  0.3  0.6  30  0.015  0.5244  10.7  7.55
0.875  30  15  4  30000  300000  4000  5000  1800  1000  500  500  0.05  2.75  5.5  3  10.2  0.65  0.75  57.5  40  55  0.05  2.5  3  180  4  275  20  8  8  60  0.11  0.095  450  1.65  0.044  0.205  30.4  4.36  99.38  5.75  1.2  5.367  0.93  0.3  0.6  30  0.015  0.5262  10.7  7.55
0.875  30  15  4  30000  300000  4000  5000  1800  1000  500  500  0.05  2.75  5.5  3  10.2  0.65  0.75  57.5  40  55  0.05  2.5  3  180  4  275  20  8  8  60  0.11  0.095  450  1.65  0.044  0.205  30.4  4.36  99.38  5.75  1.2  5.367  0.93  0.3  0.6  30  0.015  0.528  10.7  7.55
0.875  30  15  4  30000  300000  4000  5000  1800  1000  500  500  0.05  2.75  5.5  3  10.2  0.65  0.75  57.5  40  55  0.05  2.5  3  180  4  275  20  8  8  60  0.11  0.095  450  1.65  0.044  0.205  30.4  4.36  99.38  5.75  1.2  5.367  0.93  0.3  0.6  30  0.015  0.5298  10.7  7.55
0.875  30  15  4  30000  300000  4000  5000  1800  1000  500  500  0.05  2.75  5.5  3  10.2  0.65  0.75  57.5  40  55  0.05  2.5  3  180  4  275  20  8  8  60  0.11  0.095  450  1.65  0.044  0.205  30.4  4.36  99.38  5.75  1.2  5.367  0.93  0.3  0.6  30  0.015  0.5316  10.7  7.55
0.875  30  15  4  30000  300000  4000  5000  1800  1000  500  500  0.05  2.75  5.5  3  10.2  0.65  0.75  57.5  40  55  0.05  2.5  3  180  4  275  20  8  8  60  0.11  0.095  450  1.65  0.044  0.205  30.4  4.36  99.38  5.75  1.2  5.367  0.93  0.3  0.6  30  0.015  0.5334  10.7  7.55
0.875  30  15  4  30000  300000  4000  5000  1800  1000  500  500  0.05  2.75  5.5  3  10.2  0.65  0.75  57.5  40  55  0.05  2.5  3  180  4  275  20  8  8  60  0.11  0.095  450  1.65  0.044  0.205  30.4  4.36  99.38  5.75  1.2  5.367  0.93  0.3  0.6  30  0.015  0.5352  10.7  7.55
0.875  30  15  4  30000  300000  4000  5000  1800  1000  500  500  0.05  2.75  5.5  3  10.2  0.65  0.75  57.5  40  55  0.05  2.5  3  180  4  275  20  8  8  60  0.11  0.095  450  1.65  0.044  0.205  30.4  4.36  99.38  5.75  1.2  5.367  0.93  0.3  0.6  30  0.015  0.537  10.7  7.55
0.875  30  15  4  30000  300000  4000  5000  1800  1000  500  500  0.05  2.75  5.5  3  10.2  0.65  0.75  57.5  40  55  0.05  2.5  3  180  4  275  20  8  8  60  0.11  0.095  450  1.65  0.044  0.205  30.4  4.36  99.38  5.75  1.2  5.367  0.93  0.3  0.6  30  0.015  0.5388  10.7  7.55
0.875  30  15  4  30000  300000  4000  5000  1800  1000  500  500  0.05  2.75  5.5  3  10.2  0.65  0.75  57.5  40  55  0.05  2.5  3  180  4  275  20  8  8  60  0.11  0.095  450  1.65  0.044  0.205  30.4  4.36  99.38  5.75  1.2  5.367  0.93  0.3  0.6  30  0.015  0.5406  10.7  7.55
0.875  30  15  4  30000  300000  4000  5000  1800  1000  500  500  0.05  2.75  5.5  3  10.2  0.65  0.75  57.5  40  55  0.05  2.5  3  180  4  275  20  8  8  60  0.11  0.095  450  1.65  0.044  0.205  30.4  4.36  99.38  5.75  1.2  5.367  0.93  0.3  0.6  30  0.015  0.5424  10.7  7.55
0.875  30  15  4  30000  300000  4000  5000  1800  1000  500  500  0.05  2.75  5.5  3  10.2  0.65  0.75  57.5  40  55  0.05  2.5  3  180  4  275  20  8  8  60  0.11  0.095  450  1.65  0.044  0.205  30.4  4.36  99.38  5.75  1.2  5.367  0.93  0.3  0.6  30  0.015  0.5442  10.7  7.55
0.875  30  15  4  30000  300000  4000  5000  1800  1000  500  500  0.05  2.75  5.5  3  10.2  0.65  0.75  57.5  40  55  0.05  2.5  3  180  4  275  20  8  8  60  0.11  0.095  450  1.65  0.044  0.205  30.4  4.36  99.38  5.75  1.2  5.367  0.93  0.3  0.6  30  0.015  0.546  10.7  7.55
0.875  30  15  4  30000  300000  4000  5000  1800  1000  500  500  0.05  2.75  5.5  3  10.2  0.65  0.75  57.5  40  55  0.05  2.5  3  180  4  275  20  8  8  60  0.11  0.095  450  1.65  0.044  0.205  30.4  4.36  99.38  5.75  1.2  5.367  0.93  0.3  0.6  30  0.015  0.5478  10.7  7.55
0.875  30  15  4  30000  300000  4000  5000  1800  1000  500  500  0.05  2.75  5.5  3  10.2  0.65  0.75  57.5  40  55  0.05  2.5  3  180  4  275  20  8  8  60  0.11  0.095  450  1.65  0.044  0.205  30.4  4.36  99.38  5.75  1.2  5.367  0.93  0.3  0.6  30  0.015  0.5496  10.7  7.55
0.875  30  15  4  30000  300000  4000  5000  1800  1000  500  500  0.05  2.75  5.5  3  10.2  0.65  0.75  57.5  40  55  0.05  2.5  3  180  4  275  20  8  8  60  0.11  0.095  450  1.65  0.044  0.205  30.4  4.36  99.38  5.75  1.2  5.367  0.93  0.3  0.6  30  0.015  0.5514  10.7  7.55
0.875  30  15  4  30000  300000  4000  5000  1800  1000  500  500  0.05  2.75  5.5  3  10.2  0.65  0.75  57.5  40  55  0.05  2.5  3  180  4  275  20  8  8  60  0.11  0.095  450  1.65  0.044  0.205  30.4  4.36  99.38  5.75  1.2  5.367  0.93  0.3  0.6  30  0.015  0.5532  10.7  7.55
0.875  30  15  4  30000  300000  4000  5000  1800  1000  500  500  0.05  2.75  5.5  3  10.2  0.65  0.75  57.5  40  55  0.05  2.5  3  180  4  275  20  8  8  60  0.11  0.095  450  1.65  0.044  0.205  30.4  4.36  99.38  5.75  1.2  5.367  0.93  0.3  0.6  30  0.015  0.555  10.7  7.55
0.875  30  15  4  30000  300000  4000  5000  1800  1000  500  500  0.05  2.75  5.5  3  10.2  0.65  0.75  57.5  40  55  0.05  2.5  3  180  4  275  20  8  8  60  0.11  0.095  450  1.65  0.044  0.205  30.4  4.36  99.38  5.75  1.2  5.367  0.93  0.3  0.6  30  0.015  0.5568  10.7  7.55
0.875  30  15  4  30000  300000  4000  5000  1800  1000  500  500  0.05  2.75  5.5  3  10.2  0.65  0.75  57.5  40  55  0.05  2.5  3  180  4  275  20  8  8  60  0.11  0.095  450  1.65  0.044  0.205  30.4  4.36  99.38  5.75  1.2  5.367  0.93  0.3  0.6  30  0.015  0.5586  10.7  7.55
0.875  30  15  4  30000  300000  4000  5000  1800  1000  500  500  0.05  2.75  5.5  3  10.2  0.65  0.75  57.5  40  55  0.05  2.5  3  180  4  275  20  8  8  60  0.11  0.095  450  1.65  0.044  0.205  30.4  4.36  99.38  5.75  1.2  5.367  0.93  0.3  0.6  30  0.015  0.5604  10.7  7.55
0.875  30  15  4  30000  300000  4000  5000  1800  1000  500  500  0.05  2.75  5.5  3  10.2  0.65  0.75  57.5  40  55  0.05  2.5  3  180  4  275  20  8  8  60  0.11  0.095  450  1.65  0.044  0.205  30.4  4.36  99.38  5.75  1.2  5.367  0.93  0.3  0.6  30  0.015  0.5622  10.7  7.55
0.875  30  15  4  30000  300000  4000  5000  1800  1000  500  500  0.05  2.75  5.5  3  10.2  0.65  0.75  57.5  40  55  0.05  2.5  3  180  4  275  20  8  8  60  0.11  0.095  450  1.65  0.044  0.205  30.4  4.36  99.38  5.75  1.2  5.367  0.93  0.3  0.6  30  0.015  0.564  10.7  7.55
0.875  30  15  4  30000  300000  4000  5000  1800  1000  500  500  0.05  2.75  5.5  3  10.2  0.65  0.75  57.5  40  55  0.05  2.5  3  180  4  275  20  8  8  60  0.11  0.095  450  1.65  0.044  0.205  30.4  4.36  99.38  5.75  1.2  5.367  0.93  0.3  0.6  30  0.015  0.5658  10.7  7.55
0.875  30  15  4  30000  300000  4000  5000  1800  1000  500  500  0.05  2.75  5.5  3  10.2  0.65  0.75  57.5  40  55  0.05  2.5  3  180  4  275  20  8  8  60  0.11  0.095  450  1.65  0.044  0.205  30.4  4.36  99.38  5.75  1.2  5.367  0.93  0.3  0.6  30  0.015  0.5676  10.7  7.55
0.875  30  15  4  30000  300000  4000  5000  1800  1000  500  500  0.05  2.75  5.5  3  10.2  0.65  0.75  57.5  40  55  0.05  2.5  3  180  4  275  20  8  8  60  0.11  0.095  450  1.65  0.044  0.205  30.4  4.36  99.38  5.75  1.2  5.367  0.93  0.3  0.6  30  0.015  0.5694  10.7  7.55
0.875  30  15  4  30000  300000  4000  5000  1800  1000  500  500  0.05  2.75  5.5  3  10.2  0.65  0.75  57.5  40  55  0.05  2.5  3  180  4  275  20  8  8  60  0.11  0.095  450  1.65  0.044  0.205  30.4  4.36  99.38  5.75  1.2  5.367  0.93  0.3  0.6  30  0.015  0.5712  10.7  7.55
0.875  30  15  4  30000  300000  4000  5000  1800  1000  500  500  0.05  2.75  5.5  3  10.2  0.65  0.75  57.5  40  55  0.05  2.5  3  180  4  275  20  8  8  60  0.11  0.095  450  1.65  0.044  0.205  30.4  4.36  99.38  5.75  1.2  5.367  0.93  0.3  0.6  30  0.015  0.573  10.7  7.55
0.875  30  15  4  30000  300000  4000  5000  1800  1000  500  500  0.05  2.75  5.5  3  10.2  0.65  0.75  57.5  40  55  0.05  2.5  3  180  4  275  20  8  8  60  0.11  0.095  450  1.65  0.044  0.205  30.4  4.36  99.38  5.75  1.2  5.367  0.93  0.3  0.6  30  0.015  0.5748  10.7  7.55
0.875  30  15  4  30000  300000  4000  5000  1800  1000  500  500  0.05  2.75  5.5  3  10.2  0.65  0.75  57.5  40  55  0.05  2.5  3  180  4  275  20  8  8  60  0.11  0.095  450  1.65  0.044  0.205  30.4  4.36  99.38  5.75  1.2  5.367  0.93  0.3  0.6  30  0.015  0.5766  10.7  7.55
0.875  30  15  4  30000  300000  4000  5000  1800  1000  500  500  0.05  2.75  5.5  3  10.2  0.65  0.75  57.5  40  55  0.05  2.5  3  180  4  275  20  8  8  60  0.11  0.095  450  1.65  0.044  0.205  30.4  4.36  99.38  5.75  1.2  5.367  0.93  0.3  0.6  30  0.015  0.5784  10.7  7.55
0.875  30  15  4  30000  300000  4000  5000  1800  1000  500  500  0.05  2.75  5.5  3  10.2  0.65  0.75  57.5  40  55  0.05  2.5  3  180  4  275  20  8  8  60  0.11  0.095  450  1.65  0.044  0.205  30.4  4.36  99.38  5.75  1.2  5.367  0.93  0.3  0.6  30  0.015  0.5802  10.7  7.55
0.875  30  15  4  30000  300000  4000  5000  1800  1000  500  500  0.05  2.75  5.5  3  10.2  0.65  0.75  57.5  40  55  0.05  2.5  3  180  4  275  20  8  8  60  0.11  0.095  450  1.65  0.044  0.205  30.4  4.36  99.38  5.75  1.2  5.367  0.93  0.3  0.6  30  0.015  0.582  10.7  7.55
0.875  30  15  4  30000  300000  4000  5000  1800  1000  500  500  0.05  2.75  5.5  3  10.2  0.65  0.75  57.5  40  55  0.05  2.5  3  180  4  275  20  8  8  60  0.11  0.095  450  1.65  0.044  0.205  30.4  4.36  99.38  5.75  1.2  5.367  0.93  0.3  0.6  30  0.015  0.5838  10.7  7.55
0.875  30  15  4  30000  300000  4000  5000  1800  1000  500  500  0.05  2.75  5.5  3  10.2  0.65  0.75  57.5  40  55  0.05  2.5  3  180  4  275  20  8  8  60  0.11  0.095  450  1.65  0.044  0.205  30.4  4.36  99.38  5.75  1.2  5.367  0.93  0.3  0.6  30  0.015  0.5856  10.7  7.55
0.875  30  15  4  30000  300000  4000  5000  1800  1000  500  500  0.05  2.75  5.5  3  10.2  0.65  0.75  57.5  40  55  0.05  2.5  3  180  4  275  20  8  8  60  0.11  0.095  450  1.65  0.044  0.205  30.4  4.36  99.38  5.75  1.2  5.367  0.93  0.3  0.6  30  0.015  0.5874  10.7  7.55
0.875  30  15  4  30000  300000  4000  5000  1800  1000  500  500  0.05  2.75  5.5  3  10.2  0.65  0.75  57.5  40  55  0.05  2.5  3  180  4  275  20  8  8  60  0.11  0.095  450  1.65  0.044  0.205  30.4  4.36  99.38  5.75  1.2  5.367  0.93  0.3  0.6  30  0.015  0.5892  10.7  7.55
0.875  30  15  4  30000  300000  4000  5000  1800  1000  500  500  0.05  2.75  5.5  3  10.2  0.65  0.75  57.5  40  55  0.05  2.5  3  180  4  275  20  8  8  60  0.11  0.095  450  1.65  0.044  0.205  30.4  4.36  99.38  5.75  1.2  5.367  0.93  0.3  0.6  30  0.015  0.591  10.7  7.55
0.875  30  15  4  30000  300000  4000  5000  1800  1000  500  500  0.05  2.75  5.5  3  10.2  0.65  0.75  57.5  40  55  0.05  2.5  3  180  4  275  20  8  8  60  0.11  0.095  450  1.65  0.044  0.205  30.4  4.36  99.38  5.75  1.2  5.367  0.93  0.3  0.6  30  0.015  0.5928  10.7  7.55
0.875  30  15  4  30000  300000  4000  5000  1800  1000  500  500  0.05  2.75  5.5  3  10.2  0.65  0.75  57.5  40  55  0.05  2.5  3  180  4  275  20  8  8  60  0.11  0.095  450  1.65  0.044  0.205  30.4  4.36  99.38  5.75  1.2  5.367  0.93  0.3  0.6  30  0.015  0.5946  10.7  7.55
0.875  30  15  4  30000  300000  4000  5000  1800  1000  500  500  0.05  2.75  5.5  3  10.2  0.65  0.75  57.5  40  55  0.05  2.5  3  180  4  275  20  8  8  60  0.11  0.095  450  1.65  0.044  0.205  30.4  4.36  99.38  5.75  1.2  5.367  0.93  0.3  0.6  30  0.015  0.5964  10.7  7.55
0.875  30  15  4  30000  300000  4000  5000  1800  1000  500  500  0.05  2.75  5.5  3  10.2  0.65  0.75  57.5  40  55  0.05  2.5  3  180  4  275  20  8  8  60  0.11  0.095  450  1.65  0.044  0.205  30.4  4.36  99.38  5.75  1.2  5.367  0.93  0.3  0.6  30  0.015  0.5982  10.7  7.55
0.875  30  15  4  30000  300000  4000  5000  1800  1000  500  500  0.05  2.75  5.5  3  10.2  0.65  0.75  57.5  40  55  0.05  2.5  3  180  4  275  20  8  8  60  0.11  0.095  450  1.65  0.044  0.205  30.4  4.36  99.38  5.75  1.2  5.367  0.93  0.3  0.6  30  0.015  0.6  10.7  7.55
0.875  30  15  4  30000  300000  4000  5000  1800  1000  500  500  0.05  2.75  5.5  3  10.2  0.65  0.75  57.5  40  55  0.05  2.5  3  180  4  275  20  8  8  60  0.11  0.095  450  1.65  0.044  0.205  30.4  4.36  99.38  5.75  1.2  5.367  0.93  0.3  0.6  30  0.015  0.6018  10.7  7.55
0.875  30  15  4  30000  300000  4000  5000  1800  1000  500  500  0.05  2.75  5.5  3  10.2  0.65  0.75  57.5  40  55  0.05  2.5  3  180  4  275  20  8  8  60  0.11  0.095  450  1.65  0.044  0.205  30.4  4.36  99.38  5.75  1.2  5.367  0.93  0.3  0.6  30  0.015  0.6036  10.7  7.55
0.875  30  15  4  30000  300000  4000  5000  1800  1000  500  500  0.05  2.75  5.5  3  10.2  0.65  0.75  57.5  40  55  0.05  2.5  3  180  4  275  20  8  8  60  0.11  0.095  450  1.65  0.044  0.205  30.4  4.36  99.38  5.75  1.2  5.367  0.93  0.3  0.6  30  0.015  0.6054  10.7  7.55
0.875  30  15  4  30000  300000  4000  5000  1800  1000  500  500  0.05  2.75  5.5  3  10.2  0.65  0.75  57.5  40  55  0.05  2.5  3  180  4  275  20  8  8  60  0.11  0.095  450  1.65  0.044  0.205  30.4  4.36  99.38  5.75  1.2  5.367  0.93  0.3  0.6  30  0.015  0.6072  10.7  7.55
0.875  30  15  4  30000  300000  4000  5000  1800  1000  500  500  0.05  2.75  5.5  3  10.2  0.65  0.75  57.5  40  55  0.05  2.5  3  180  4  275  20  8  8  60  0.11  0.095  450  1.65  0.044  0.205  30.4  4.36  99.38  5.75  1.2  5.367  0.93  0.3  0.6  30  0.015  0.609  10.7  7.55
0.875  30  15  4  30000  300000  4000  5000  1800  1000  500  500  0.05  2.75  5.5  3  10.2  0.65  0.75  57.5  40  55  0.05  2.5  3  180  4  275  20  8  8  60  0.11  0.095  450  1.65  0.044  0.205  30.4  4.36  99.38  5.75  1.2  5.367  0.93  0.3  0.6  30  0.015  0.6108  10.7  7.55
0.875  30  15  4  30000  300000  4000  5000  1800  1000  500  500  0.05  2.75  5.5  3  10.2  0.65  0.75  57.5  40  55  0.05  2.5  3  180  4  275  20  8  8  60  0.11  0.095  450  1.65  0.044  0.205  30.4  4.36  99.38  5.75  1.2  5.367  0.93  0.3  0.6  30  0.015  0.6126  10.7  7.55
0.875  30  15  4  30000  300000  4000  5000  1800  1000  500  500  0.05  2.75  5.5  3  10.2  0.65  0.75  57.5  40  55  0.05  2.5  3  180  4  275  20  8  8  60  0.11  0.095  450  1.65  0.044  0.205  30.4  4.36  99.38  5.75  1.2  5.367  0.93  0.3  0.6  30  0.015  0.6144  10.7  7.55
0.875  30  15  4  30000  300000  4000  5000  1800  1000  500  500  0.05  2.75  5.5  3  10.2  0.65  0.75  57.5  40  55  0.05  2.5  3  180  4  275  20  8  8  60  0.11  0.095  450  1.65  0.044  0.205  30.4  4.36  99.38  5.75  1.2  5.367  0.93  0.3  0.6  30  0.015  0.6162  10.7  7.55
0.875  30  15  4  30000  300000  4000  5000  1800  1000  500  500  0.05  2.75  5.5  3  10.2  0.65  0.75  57.5  40  55  0.05  2.5  3  180  4  275  20  8  8  60  0.11  0.095  450  1.65  0.044  0.205  30.4  4.36  99.38  5.75  1.2  5.367  0.93  0.3  0.6  30  0.015  0.618  10.7  7.55
0.875  30  15  4  30000  300000  4000  5000  1800  1000  500  500  0.05  2.75  5.5  3  10.2  0.65  0.75  57.5  40  55  0.05  2.5  3  180  4  275  20  8  8  60  0.11  0.095  450  1.65  0.044  0.205  30.4  4.36  99.38  5.75  1.2  5.367  0.93  0.3  0.6  30  0.015  0.6198  10.7  7.55
0.875  30  15  4  30000  300000  4000  5000  1800  1000  500  500  0.05  2.75  5.5  3  10.2  0.65  0.75  57.5  40  55  0.05  2.5  3  180  4  275  20  8  8  60  0.11  0.095  450  1.65  0.044  0.205  30.4  4.36  99.38  5.75  1.2  5.367  0.93  0.3  0.6  30  0.015  0.6216  10.7  7.55
0.875  30  15  4  30000  300000  4000  5000  1800  1000  500  500  0.05  2.75  5.5  3  10.2  0.65  0.75  57.5  40  55  0.05  2.5  3  180  4  275  20  8  8  60  0.11  0.095  450  1.65  0.044  0.205  30.4  4.36  99.38  5.75  1.2  5.367  0.93  0.3  0.6  30  0.015  0.6234  10.7  7.55
0.875  30  15  4  30000  300000  4000  5000  1800  1000  500  500  0.05  2.75  5.5  3  10.2  0.65  0.75  57.5  40  55  0.05  2.5  3  180  4  275  20  8  8  60  0.11  0.095  450  1.65  0.044  0.205  30.4  4.36  99.38  5.75  1.2  5.367  0.93  0.3  0.6  30  0.015  0.6252  10.7  7.55
0.875  30  15  4  30000  300000  4000  5000  1800  1000  500  500  0.05  2.75  5.5  3  10.2  0.65  0.75  57.5  40  55  0.05  2.5  3  180  4  275  20  8  8  60  0.11  0.095  450  1.65  0.044  0.205  30.4  4.36  99.38  5.75  1.2  5.367  0.93  0.3  0.6  30  0.015  0.627  10.7  7.55
0.875  30  15  4  30000  300000  4000  5000  1800  1000  500  500  0.05  2.75  5.5  3  10.2  0.65  0.75  57.5  40  55  0.05  2.5  3  180  4  275  20  8  8  60  0.11  0.095  450  1.65  0.044  0.205  30.4  4.36  99.38  5.75  1.2  5.367  0.93  0.3  0.6  30  0.015  0.6288  10.7  7.55
0.875  30  15  4  30000  300000  4000  5000  1800  1000  500  500  0.05  2.75  5.5  3  10.2  0.65  0.75  57.5  40  55  0.05  2.5  3  180  4  275  20  8  8  60  0.11  0.095  450  1.65  0.044  0.205  30.4  4.36  99.38  5.75  1.2  5.367  0.93  0.3  0.6  30  0.015  0.6306  10.7  7.55
0.875  30  15  4  30000  300000  4000  5000  1800  1000  500  500  0.05  2.75  5.5  3  10.2  0.65  0.75  57.5  40  55  0.05  2.5  3  180  4  275  20  8  8  60  0.11  0.095  450  1.65  0.044  0.205  30.4  4.36  99.38  5.75  1.2  5.367  0.93  0.3  0.6  30  0.015  0.6324  10.7  7.55
0.875  30  15  4  30000  300000  4000  5000  1800  1000  500  500  0.05  2.75  5.5  3  10.2  0.65  0.75  57.5  40  55  0.05  2.5  3  180  4  275  20  8  8  60  0.11  0.095  450  1.65  0.044  0.205  30.4  4.36  99.38  5.75  1.2  5.367  0.93  0.3  0.6  30  0.015  0.6342  10.7  7.55
0.875  30  15  4  30000  300000  4000  5000  1800  1000  500  500  0.05  2.75  5.5  3  10.2  0.65  0.75  57.5  40  55  0.05  2.5  3  180  4  275  20  8  8  60  0.11  0.095  450  1.65  0.044  0.205  30.4  4.36  99.38  5.75  1.2  5.367  0.93  0.3  0.6  30  0.015  0.636  10.7  7.55
0.875  30  15  4  30000  300000  4000  5000  1800  1000  500  500  0.05  2.75  5.5  3  10.2  0.65  0.75  57.5  40  55  0.05  2.5  3  180  4  275  20  8  8  60  0.11  0.095  450  1.65  0.044  0.205  30.4  4.36  99.38  5.75  1.2  5.367  0.93  0.3  0.6  30  0.015  0.6378  10.7  7.55
0.875  30  15  4  30000  300000  4000  5000  1800  1000  500  500  0.05  2.75  5.5  3  10.2  0.65  0.75  57.5  40  55  0.05  2.5  3  180  4  275  20  8  8  60  0.11  0.095  450  1.65  0.044  0.205  30.4  4.36  99.38  5.75  1.2  5.367  0.93  0.3  0.6  30  0.015  0.6396  10.7  7.55
0.875  30  15  4  30000  300000  4000  5000  1800  1000  500  500  0.05  2.75  5.5  3  10.2  0.65  0.75  57.5  40  55  0.05  2.5  3  180  4  275  20  8  8  60  0.11  0.095  450  1.65  0.044  0.205  30.4  4.36  99.38  5.75  1.2  5.367  0.93  0.3  0.6  30  0.015  0.6414  10.7  7.55
0.875  30  15  4  30000  300000  4000  5000  1800  1000  500  500  0.05  2.75  5.5  3  10.2  0.65  0.75  57.5  40  55  0.05  2.5  3  180  4  275  20  8  8  60  0.11  0.095  450  1.65  0.044  0.205  30.4  4.36  99.38  5.75  1.2  5.367  0.93  0.3  0.6  30  0.015  0.6432  10.7  7.55
0.875  30  15  4  30000  300000  4000  5000  1800  1000  500  500  0.05  2.75  5.5  3  10.2  0.65  0.75  57.5  40  55  0.05  2.5  3  180  4  275  20  8  8  60  0.11  0.095  450  1.65  0.044  0.205  30.4  4.36  99.38  5.75  1.2  5.367  0.93  0.3  0.6  30  0.015  0.645  10.7  7.55
0.875  30  15  4  30000  300000  4000  5000  1800  1000  500  500  0.05  2.75  5.5  3  10.2  0.65  0.75  57.5  40  55  0.05  2.5  3  180  4  275  20  8  8  60  0.11  0.095  450  1.65  0.044  0.205  30.4  4.36  99.38  5.75  1.2  5.367  0.93  0.3  0.6  30  0.015  0.6468  10.7  7.55
0.875  30  15  4  30000  300000  4000  5000  1800  1000  500  500  0.05  2.75  5.5  3  10.2  0.65  0.75  57.5  40  55  0.05  2.5  3  180  4  275  20  8  8  60  0.11  0.095  450  1.65  0.044  0.205  30.4  4.36  99.38  5.75  1.2  5.367  0.93  0.3  0.6  30  0.015  0.6486  10.7  7.55
0.875  30  15  4  30000  300000  4000  5000  1800  1000  500  500  0.05  2.75  5.5  3  10.2  0.65  0.75  57.5  40  55  0.05  2.5  3  180  4  275  20  8  8  60  0.11  0.095  450  1.65  0.044  0.205  30.4  4.36  99.38  5.75  1.2  5.367  0.93  0.3  0.6  30  0.015  0.6504  10.7  7.55
0.875  30  15  4  30000  300000  4000  5000  1800  1000  500  500  0.05  2.75  5.5  3  10.2  0.65  0.75  57.5  40  55  0.05  2.5  3  180  4  275  20  8  8  60  0.11  0.095  450  1.65  0.044  0.205  30.4  4.36  99.38  5.75  1.2  5.367  0.93  0.3  0.6  30  0.015  0.6522  10.7  7.55
0.875  30  15  4  30000  300000  4000  5000  1800  1000  500  500  0.05  2.75  5.5  3  10.2  0.65  0.75  57.5  40  55  0.05  2.5  3  180  4  275  20  8  8  60  0.11  0.095  450  1.65  0.044  0.205  30.4  4.36  99.38  5.75  1.2  5.367  0.93  0.3  0.6  30  0.015  0.654  10.7  7.55
0.875  30  15  4  30000  300000  4000  5000  1800  1000  500  500  0.05  2.75  5.5  3  10.2  0.65  0.75  57.5  40  55  0.05  2.5  3  180  4  275  20  8  8  60  0.11  0.095  450  1.65  0.044  0.205  30.4  4.36  99.38  5.75  1.2  5.367  0.93  0.3  0.6  30  0.015  0.6558  10.7  7.55
0.875  30  15  4  30000  300000  4000  5000  1800  1000  500  500  0.05  2.75  5.5  3  10.2  0.65  0.75  57.5  40  55  0.05  2.5  3  180  4  275  20  8  8  60  0.11  0.095  450  1.65  0.044  0.205  30.4  4.36  99.38  5.75  1.2  5.367  0.93  0.3  0.6  30  0.015  0.6576  10.7  7.55
0.875  30  15  4  30000  300000  4000  5000  1800  1000  500  500  0.05  2.75  5.5  3  10.2  0.65  0.75  57.5  40  55  0.05  2.5  3  180  4  275  20  8  8  60  0.11  0.095  450  1.65  0.044  0.205  30.4  4.36  99.38  5.75  1.2  5.367  0.93  0.3  0.6  30  0.015  0.6594  10.7  7.55
0.875  30  15  4  30000  300000  4000  5000  1800  1000  500  500  0.05  2.75  5.5  3  10.2  0.65  0.75  57.5  40  55  0.05  2.5  3  180  4  275  20  8  8  60  0.11  0.095  450  1.65  0.044  0.205  30.4  4.36  99.38  5.75  1.2  5.367  0.93  0.3  0.6  30  0.015  0.6612  10.7  7.55
0.875  30  15  4  30000  300000  4000  5000  1800  1000  500  500  0.05  2.75  5.5  3  10.2  0.65  0.75  57.5  40  55  0.05  2.5  3  180  4  275  20  8  8  60  0.11  0.095  450  1.65  0.044  0.205  30.4  4.36  99.38  5.75  1.2  5.367  0.93  0.3  0.6  30  0.015  0.663  10.7  7.55
0.875  30  15  4  30000  300000  4000  5000  1800  1000  500  500  0.05  2.75  5.5  3  10.2  0.65  0.75  57.5  40  55  0.05  2.5  3  180  4  275  20  8  8  60  0.11  0.095  450  1.65  0.044  0.205  30.4  4.36  99.38  5.75  1.2  5.367  0.93  0.3  0.6  30  0.015  0.6648  10.7  7.55
0.875  30  15  4  30000  300000  4000  5000  1800  1000  500  500  0.05  2.75  5.5  3  10.2  0.65  0.75  57.5  40  55  0.05  2.5  3  180  4  275  20  8  8  60  0.11  0.095  450  1.65  0.044  0.205  30.4  4.36  99.38  5.75  1.2  5.367  0.93  0.3  0.6  30  0.015  0.6666  10.7  7.55
0.875  30  15  4  30000  300000  4000  5000  1800  1000  500  500  0.05  2.75  5.5  3  10.2  0.65  0.75  57.5  40  55  0.05  2.5  3  180  4  275  20  8  8  60  0.11  0.095  450  1.65  0.044  0.205  30.4  4.36  99.38  5.75  1.2  5.367  0.93  0.3  0.6  30  0.015  0.6684  10.7  7.55
0.875  30  15  4  30000  300000  4000  5000  1800  1000  500  500  0.05  2.75  5.5  3  10.2  0.65  0.75  57.5  40  55  0.05  2.5  3  180  4  275  20  8  8  60  0.11  0.095  450  1.65  0.044  0.205  30.4  4.36  99.38  5.75  1.2  5.367  0.93  0.3  0.6  30  0.015  0.6702  10.7  7.55
0.875  30  15  4  30000  300000  4000  5000  1800  1000  500  500  0.05  2.75  5.5  3  10.2  0.65  0.75  57.5  40  55  0.05  2.5  3  180  4  275  20  8  8  60  0.11  0.095  450  1.65  0.044  0.205  30.4  4.36  99.38  5.75  1.2  5.367  0.93  0.3  0.6  30  0.015  0.672  10.7  7.55
0.875  30  15  4  30000  300000  4000  5000  1800  1000  500  500  0.05  2.75  5.5  3  10.2  0.65  0.75  57.5  40  55  0.05  2.5  3  180  4  275  20  8  8  60  0.11  0.095  450  1.65  0.044  0.205  30.4  4.36  99.38  5.75  1.2  5.367  0.93  0.3  0.6  30  0.015  0.6738  10.7  7.55
0.875  30  15  4  30000  300000  4000  5000  1800  1000  500  500  0.05  2.75  5.5  3  10.2  0.65  0.75  57.5  40  55  0.05  2.5  3  180  4  275  20  8  8  60  0.11  0.095  450  1.65  0.044  0.205  30.4  4.36  99.38  5.75  1.2  5.367  0.93  0.3  0.6  30  0.015  0.6756  10.7  7.55
0.875  30  15  4  30000  300000  4000  5000  1800  1000  500  500  0.05  2.75  5.5  3  10.2  0.65  0.75  57.5  40  55  0.05  2.5  3  180  4  275  20  8  8  60  0.11  0.095  450  1.65  0.044  0.205  30.4  4.36  99.38  5.75  1.2  5.367  0.93  0.3  0.6  30  0.015  0.6774  10.7  7.55
0.875  30  15  4  30000  300000  4000  5000  1800  1000  500  500  0.05  2.75  5.5  3  10.2  0.65  0.75  57.5  40  55  0.05  2.5  3  180  4  275  20  8  8  60  0.11  0.095  450  1.65  0.044  0.205  30.4  4.36  99.38  5.75  1.2  5.367  0.93  0.3  0.6  30  0.015  0.6792  10.7  7.55
0.875  30  15  4  30000  300000  4000  5000  1800  1000  500  500  0.05  2.75  5.5  3  10.2  0.65  0.75  57.5  40  55  0.05  2.5  3  180  4  275  20  8  8  60  0.11  0.095  450  1.65  0.044  0.205  30.4  4.36  99.38  5.75  1.2  5.367  0.93  0.3  0.6  30  0.015  0.681  10.7  7.55
0.875  30  15  4  30000  300000  4000  5000  1800  1000  500  500  0.05  2.75  5.5  3  10.2  0.65  0.75  57.5  40  55  0.05  2.5  3  180  4  275  20  8  8  60  0.11  0.095  450  1.65  0.044  0.205  30.4  4.36  99.38  5.75  1.2  5.367  0.93  0.3  0.6  30  0.015  0.6828  10.7  7.55
0.875  30  15  4  30000  300000  4000  5000  1800  1000  500  500  0.05  2.75  5.5  3  10.2  0.65  0.75  57.5  40  55  0.05  2.5  3  180  4  275  20  8  8  60  0.11  0.095  450  1.65  0.044  0.205  30.4  4.36  99.38  5.75  1.2  5.367  0.93  0.3  0.6  30  0.015  0.6846  10.7  7.55
0.875  30  15  4  30000  300000  4000  5000  1800  1000  500  500  0.05  2.75  5.5  3  10.2  0.65  0.75  57.5  40  55  0.05  2.5  3  180  4  275  20  8  8  60  0.11  0.095  450  1.65  0.044  0.205  30.4  4.36  99.38  5.75  1.2  5.367  0.93  0.3  0.6  30  0.015  0.6864  10.7  7.55
0.875  30  15  4  30000  300000  4000  5000  1800  1000  500  500  0.05  2.75  5.5  3  10.2  0.65  0.75  57.5  40  55  0.05  2.5  3  180  4  275  20  8  8  60  0.11  0.095  450  1.65  0.044  0.205  30.4  4.36  99.38  5.75  1.2  5.367  0.93  0.3  0.6  30  0.015  0.6882  10.7  7.55
0.875  30  15  4  30000  300000  4000  5000  1800  1000  500  500  0.05  2.75  5.5  3  10.2  0.65  0.75  57.5  40  55  0.05  2.5  3  180  4  275  20  8  8  60  0.11  0.095  450  1.65  0.044  0.205  30.4  4.36  99.38  5.75  1.2  5.367  0.93  0.3  0.6  30  0.015  0.69  10.7  7.55