0.875  30  15  4  30000  300000  4000  5000  1800  1000  500  500  0.05  2.75  5.5  3  10.2  0.65  0.75  57.5  40  55  0.05  2.5  3  180  4  275  20  8  8  60  0.07  0.095  450  1.65  0.044  0.205  30.4  4.36  99.38  5.75  1.2  5.367  0.93  0.3  0.6  30  0.015  0.6  10.7  7.55
0.875  30  15  4  30000  300000  4000  5000  1800  1000  500  500  0.05  2.75  5.5  3  10.2  0.65  0.75  57.5  40  55  0.05  2.5  3  180  4  275  20  8  8  60  0.0708  0.095  450  1.65  0.044  0.205  30.4  4.36  99.38  5.75  1.2  5.367  0.93  0.3  0.6  30  0.015  0.6  10.7  7.55
0.875  30  15  4  30000  300000  4000  5000  1800  1000  500  500  0.05  2.75  5.5  3  10.2  0.65  0.75  57.5  40  55  0.05  2.5  3  180  4  275  20  8  8  60  0.0716  0.095  450  1.65  0.044  0.205  30.4  4.36  99.38  5.75  1.2  5.367  0.93  0.3  0.6  30  0.015  0.6  10.7  7.55
0.875  30  15  4  30000  300000  4000  5000  1800  1000  500  500  0.05  2.75  5.5  3  10.2  0.65  0.75  57.5  40  55  0.05  2.5  3  180  4  275  20  8  8  60  0.0724  0.095  450  1.65  0.044  0.205  30.4  4.36  99.38  5.75  1.2  5.367  0.93  0.3  0.6  30  0.015  0.6  10.7  7.55
0.875  30  15  4  30000  300000  4000  5000  1800  1000  500  500  0.05  2.75  5.5  3  10.2  0.65  0.75  57.5  40  55  0.05  2.5  3  180  4  275  20  8  8  60  0.0732  0.095  450  1.65  0.044  0.205  30.4  4.36  99.38  5.75  1.2  5.367  0.93  0.3  0.6  30  0.015  0.6  10.7  7.55
0.875  30  15  4  30000  300000  4000  5000  1800  1000  500  500  0.05  2.75  5.5  3  10.2  0.65  0.75  57.5  40  55  0.05  2.5  3  180  4  275  20  8  8  60  0.074  0.095  450  1.65  0.044  0.205  30.4  4.36  99.38  5.75  1.2  5.367  0.93  0.3  0.6  30  0.015  0.6  10.7  7.55
0.875  30  15  4  30000  300000  4000  5000  1800  1000  500  500  0.05  2.75  5.5  3  10.2  0.65  0.75  57.5  40  55  0.05  2.5  3  180  4  275  20  8  8  60  0.0748  0.095  450  1.65  0.044  0.205  30.4  4.36  99.38  5.75  1.2  5.367  0.93  0.3  0.6  30  0.015  0.6  10.7  7.55
0.875  30  15  4  30000  300000  4000  5000  1800  1000  500  500  0.05  2.75  5.5  3  10.2  0.65  0.75  57.5  40  55  0.05  2.5  3  180  4  275  20  8  8  60  0.0756  0.095  450  1.65  0.044  0.205  30.4  4.36  99.38  5.75  1.2  5.367  0.93  0.3  0.6  30  0.015  0.6  10.7  7.55
0.875  30  15  4  30000  300000  4000  5000  1800  1000  500  500  0.05  2.75  5.5  3  10.2  0.65  0.75  57.5  40  55  0.05  2.5  3  180  4  275  20  8  8  60  0.0764  0.095  450  1.65  0.044  0.205  30.4  4.36  99.38  5.75  1.2  5.367  0.93  0.3  0.6  30  0.015  0.6  10.7  7.55
0.875  30  15  4  30000  300000  4000  5000  1800  1000  500  500  0.05  2.75  5.5  3  10.2  0.65  0.75  57.5  40  55  0.05  2.5  3  180  4  275  20  8  8  60  0.0772  0.095  450  1.65  0.044  0.205  30.4  4.36  99.38  5.75  1.2  5.367  0.93  0.3  0.6  30  0.015  0.6  10.7  7.55
0.875  30  15  4  30000  300000  4000  5000  1800  1000  500  500  0.05  2.75  5.5  3  10.2  0.65  0.75  57.5  40  55  0.05  2.5  3  180  4  275  20  8  8  60  0.078  0.095  450  1.65  0.044  0.205  30.4  4.36  99.38  5.75  1.2  5.367  0.93  0.3  0.6  30  0.015  0.6  10.7  7.55
0.875  30  15  4  30000  300000  4000  5000  1800  1000  500  500  0.05  2.75  5.5  3  10.2  0.65  0.75  57.5  40  55  0.05  2.5  3  180  4  275  20  8  8  60  0.0788  0.095  450  1.65  0.044  0.205  30.4  4.36  99.38  5.75  1.2  5.367  0.93  0.3  0.6  30  0.015  0.6  10.7  7.55
0.875  30  15  4  30000  300000  4000  5000  1800  1000  500  500  0.05  2.75  5.5  3  10.2  0.65  0.75  57.5  40  55  0.05  2.5  3  180  4  275  20  8  8  60  0.0796  0.095  450  1.65  0.044  0.205  30.4  4.36  99.38  5.75  1.2  5.367  0.93  0.3  0.6  30  0.015  0.6  10.7  7.55
0.875  30  15  4  30000  300000  4000  5000  1800  1000  500  500  0.05  2.75  5.5  3  10.2  0.65  0.75  57.5  40  55  0.05  2.5  3  180  4  275  20  8  8  60  0.0804  0.095  450  1.65  0.044  0.205  30.4  4.36  99.38  5.75  1.2  5.367  0.93  0.3  0.6  30  0.015  0.6  10.7  7.55
0.875  30  15  4  30000  300000  4000  5000  1800  1000  500  500  0.05  2.75  5.5  3  10.2  0.65  0.75  57.5  40  55  0.05  2.5  3  180  4  275  20  8  8  60  0.0812  0.095  450  1.65  0.044  0.205  30.4  4.36  99.38  5.75  1.2  5.367  0.93  0.3  0.6  30  0.015  0.6  10.7  7.55
0.875  30  15  4  30000  300000  4000  5000  1800  1000  500  500  0.05  2.75  5.5  3  10.2  0.65  0.75  57.5  40  55  0.05  2.5  3  180  4  275  20  8  8  60  0.082  0.095  450  1.65  0.044  0.205  30.4  4.36  99.38  5.75  1.2  5.367  0.93  0.3  0.6  30  0.015  0.6  10.7  7.55
0.875  30  15  4  30000  300000  4000  5000  1800  1000  500  500  0.05  2.75  5.5  3  10.2  0.65  0.75  57.5  40  55  0.05  2.5  3  180  4  275  20  8  8  60  0.0828  0.095  450  1.65  0.044  0.205  30.4  4.36  99.38  5.75  1.2  5.367  0.93  0.3  0.6  30  0.015  0.6  10.7  7.55
0.875  30  15  4  30000  300000  4000  5000  1800  1000  500  500  0.05  2.75  5.5  3  10.2  0.65  0.75  57.5  40  55  0.05  2.5  3  180  4  275  20  8  8  60  0.0836  0.095  450  1.65  0.044  0.205  30.4  4.36  99.38  5.75  1.2  5.367  0.93  0.3  0.6  30  0.015  0.6  10.7  7.55
0.875  30  15  4  30000  300000  4000  5000  1800  1000  500  500  0.05  2.75  5.5  3  10.2  0.65  0.75  57.5  40  55  0.05  2.5  3  180  4  275  20  8  8  60  0.0844  0.095  450  1.65  0.044  0.205  30.4  4.36  99.38  5.75  1.2  5.367  0.93  0.3  0.6  30  0.015  0.6  10.7  7.55
0.875  30  15  4  30000  300000  4000  5000  1800  1000  500  500  0.05  2.75  5.5  3  10.2  0.65  0.75  57.5  40  55  0.05  2.5  3  180  4  275  20  8  8  60  0.0852  0.095  450  1.65  0.044  0.205  30.4  4.36  99.38  5.75  1.2  5.367  0.93  0.3  0.6  30  0.015  0.6  10.7  7.55
0.875  30  15  4  30000  300000  4000  5000  1800  1000  500  500  0.05  2.75  5.5  3  10.2  0.65  0.75  57.5  40  55  0.05  2.5  3  180  4  275  20  8  8  60  0.086  0.095  450  1.65  0.044  0.205  30.4  4.36  99.38  5.75  1.2  5.367  0.93  0.3  0.6  30  0.015  0.6  10.7  7.55
0.875  30  15  4  30000  300000  4000  5000  1800  1000  500  500  0.05  2.75  5.5  3  10.2  0.65  0.75  57.5  40  55  0.05  2.5  3  180  4  275  20  8  8  60  0.0868  0.095  450  1.65  0.044  0.205  30.4  4.36  99.38  5.75  1.2  5.367  0.93  0.3  0.6  30  0.015  0.6  10.7  7.55
0.875  30  15  4  30000  300000  4000  5000  1800  1000  500  500  0.05  2.75  5.5  3  10.2  0.65  0.75  57.5  40  55  0.05  2.5  3  180  4  275  20  8  8  60  0.0876  0.095  450  1.65  0.044  0.205  30.4  4.36  99.38  5.75  1.2  5.367  0.93  0.3  0.6  30  0.015  0.6  10.7  7.55
0.875  30  15  4  30000  300000  4000  5000  1800  1000  500  500  0.05  2.75  5.5  3  10.2  0.65  0.75  57.5  40  55  0.05  2.5  3  180  4  275  20  8  8  60  0.0884  0.095  450  1.65  0.044  0.205  30.4  4.36  99.38  5.75  1.2  5.367  0.93  0.3  0.6  30  0.015  0.6  10.7  7.55
0.875  30  15  4  30000  300000  4000  5000  1800  1000  500  500  0.05  2.75  5.5  3  10.2  0.65  0.75  57.5  40  55  0.05  2.5  3  180  4  275  20  8  8  60  0.0892  0.095  450  1.65  0.044  0.205  30.4  4.36  99.38  5.75  1.2  5.367  0.93  0.3  0.6  30  0.015  0.6  10.7  7.55
0.875  30  15  4  30000  300000  4000  5000  1800  1000  500  500  0.05  2.75  5.5  3  10.2  0.65  0.75  57.5  40  55  0.05  2.5  3  180  4  275  20  8  8  60  0.09  0.095  450  1.65  0.044  0.205  30.4  4.36  99.38  5.75  1.2  5.367  0.93  0.3  0.6  30  0.015  0.6  10.7  7.55
0.875  30  15  4  30000  300000  4000  5000  1800  1000  500  500  0.05  2.75  5.5  3  10.2  0.65  0.75  57.5  40  55  0.05  2.5  3  180  4  275  20  8  8  60  0.0908  0.095  450  1.65  0.044  0.205  30.4  4.36  99.38  5.75  1.2  5.367  0.93  0.3  0.6  30  0.015  0.6  10.7  7.55
0.875  30  15  4  30000  300000  4000  5000  1800  1000  500  500  0.05  2.75  5.5  3  10.2  0.65  0.75  57.5  40  55  0.05  2.5  3  180  4  275  20  8  8  60  0.0916  0.095  450  1.65  0.044  0.205  30.4  4.36  99.38  5.75  1.2  5.367  0.93  0.3  0.6  30  0.015  0.6  10.7  7.55
0.875  30  15  4  30000  300000  4000  5000  1800  1000  500  500  0.05  2.75  5.5  3  10.2  0.65  0.75  57.5  40  55  0.05  2.5  3  180  4  275  20  8  8  60  0.0924  0.095  450  1.65  0.044  0.205  30.4  4.36  99.38  5.75  1.2  5.367  0.93  0.3  0.6  30  0.015  0.6  10.7  7.55
0.875  30  15  4  30000  300000  4000  5000  1800  1000  500  500  0.05  2.75  5.5  3  10.2  0.65  0.75  57.5  40  55  0.05  2.5  3  180  4  275  20  8  8  60  0.0932  0.095  450  1.65  0.044  0.205  30.4  4.36  99.38  5.75  1.2  5.367  0.93  0.3  0.6  30  0.015  0.6  10.7  7.55
0.875  30  15  4  30000  300000  4000  5000  1800  1000  500  500  0.05  2.75  5.5  3  10.2  0.65  0.75  57.5  40  55  0.05  2.5  3  180  4  275  20  8  8  60  0.094  0.095  450  1.65  0.044  0.205  30.4  4.36  99.38  5.75  1.2  5.367  0.93  0.3  0.6  30  0.015  0.6  10.7  7.55
0.875  30  15  4  30000  300000  4000  5000  1800  1000  500  500  0.05  2.75  5.5  3  10.2  0.65  0.75  57.5  40  55  0.05  2.5  3  180  4  275  20  8  8  60  0.0948  0.095  450  1.65  0.044  0.205  30.4  4.36  99.38  5.75  1.2  5.367  0.93  0.3  0.6  30  0.015  0.6  10.7  7.55
0.875  30  15  4  30000  300000  4000  5000  1800  1000  500  500  0.05  2.75  5.5  3  10.2  0.65  0.75  57.5  40  55  0.05  2.5  3  180  4  275  20  8  8  60  0.0956  0.095  450  1.65  0.044  0.205  30.4  4.36  99.38  5.75  1.2  5.367  0.93  0.3  0.6  30  0.015  0.6  10.7  7.55
0.875  30  15  4  30000  300000  4000  5000  1800  1000  500  500  0.05  2.75  5.5  3  10.2  0.65  0.75  57.5  40  55  0.05  2.5  3  180  4  275  20  8  8  60  0.0964  0.095  450  1.65  0.044  0.205  30.4  4.36  99.38  5.75  1.2  5.367  0.93  0.3  0.6  30  0.015  0.6  10.7  7.55
0.875  30  15  4  30000  300000  4000  5000  1800  1000  500  500  0.05  2.75  5.5  3  10.2  0.65  0.75  57.5  40  55  0.05  2.5  3  180  4  275  20  8  8  60  0.0972  0.095  450  1.65  0.044  0.205  30.4  4.36  99.38  5.75  1.2  5.367  0.93  0.3  0.6  30  0.015  0.6  10.7  7.55
0.875  30  15  4  30000  300000  4000  5000  1800  1000  500  500  0.05  2.75  5.5  3  10.2  0.65  0.75  57.5  40  55  0.05  2.5  3  180  4  275  20  8  8  60  0.098  0.095  450  1.65  0.044  0.205  30.4  4.36  99.38  5.75  1.2  5.367  0.93  0.3  0.6  30  0.015  0.6  10.7  7.55
0.875  30  15  4  30000  300000  4000  5000  1800  1000  500  500  0.05  2.75  5.5  3  10.2  0.65  0.75  57.5  40  55  0.05  2.5  3  180  4  275  20  8  8  60  0.0988  0.095  450  1.65  0.044  0.205  30.4  4.36  99.38  5.75  1.2  5.367  0.93  0.3  0.6  30  0.015  0.6  10.7  7.55
0.875  30  15  4  30000  300000  4000  5000  1800  1000  500  500  0.05  2.75  5.5  3  10.2  0.65  0.75  57.5  40  55  0.05  2.5  3  180  4  275  20  8  8  60  0.0996  0.095  450  1.65  0.044  0.205  30.4  4.36  99.38  5.75  1.2  5.367  0.93  0.3  0.6  30  0.015  0.6  10.7  7.55
0.875  30  15  4  30000  300000  4000  5000  1800  1000  500  500  0.05  2.75  5.5  3  10.2  0.65  0.75  57.5  40  55  0.05  2.5  3  180  4  275  20  8  8  60  0.1004  0.095  450  1.65  0.044  0.205  30.4  4.36  99.38  5.75  1.2  5.367  0.93  0.3  0.6  30  0.015  0.6  10.7  7.55
0.875  30  15  4  30000  300000  4000  5000  1800  1000  500  500  0.05  2.75  5.5  3  10.2  0.65  0.75  57.5  40  55  0.05  2.5  3  180  4  275  20  8  8  60  0.1012  0.095  450  1.65  0.044  0.205  30.4  4.36  99.38  5.75  1.2  5.367  0.93  0.3  0.6  30  0.015  0.6  10.7  7.55
0.875  30  15  4  30000  300000  4000  5000  1800  1000  500  500  0.05  2.75  5.5  3  10.2  0.65  0.75  57.5  40  55  0.05  2.5  3  180  4  275  20  8  8  60  0.102  0.095  450  1.65  0.044  0.205  30.4  4.36  99.38  5.75  1.2  5.367  0.93  0.3  0.6  30  0.015  0.6  10.7  7.55
0.875  30  15  4  30000  300000  4000  5000  1800  1000  500  500  0.05  2.75  5.5  3  10.2  0.65  0.75  57.5  40  55  0.05  2.5  3  180  4  275  20  8  8  60  0.1028  0.095  450  1.65  0.044  0.205  30.4  4.36  99.38  5.75  1.2  5.367  0.93  0.3  0.6  30  0.015  0.6  10.7  7.55
0.875  30  15  4  30000  300000  4000  5000  1800  1000  500  500  0.05  2.75  5.5  3  10.2  0.65  0.75  57.5  40  55  0.05  2.5  3  180  4  275  20  8  8  60  0.1036  0.095  450  1.65  0.044  0.205  30.4  4.36  99.38  5.75  1.2  5.367  0.93  0.3  0.6  30  0.015  0.6  10.7  7.55
0.875  30  15  4  30000  300000  4000  5000  1800  1000  500  500  0.05  2.75  5.5  3  10.2  0.65  0.75  57.5  40  55  0.05  2.5  3  180  4  275  20  8  8  60  0.1044  0.095  450  1.65  0.044  0.205  30.4  4.36  99.38  5.75  1.2  5.367  0.93  0.3  0.6  30  0.015  0.6  10.7  7.55
0.875  30  15  4  30000  300000  4000  5000  1800  1000  500  500  0.05  2.75  5.5  3  10.2  0.65  0.75  57.5  40  55  0.05  2.5  3  180  4  275  20  8  8  60  0.1052  0.095  450  1.65  0.044  0.205  30.4  4.36  99.38  5.75  1.2  5.367  0.93  0.3  0.6  30  0.015  0.6  10.7  7.55
0.875  30  15  4  30000  300000  4000  5000  1800  1000  500  500  0.05  2.75  5.5  3  10.2  0.65  0.75  57.5  40  55  0.05  2.5  3  180  4  275  20  8  8  60  0.106  0.095  450  1.65  0.044  0.205  30.4  4.36  99.38  5.75  1.2  5.367  0.93  0.3  0.6  30  0.015  0.6  10.7  7.55
0.875  30  15  4  30000  300000  4000  5000  1800  1000  500  500  0.05  2.75  5.5  3  10.2  0.65  0.75  57.5  40  55  0.05  2.5  3  180  4  275  20  8  8  60  0.1068  0.095  450  1.65  0.044  0.205  30.4  4.36  99.38  5.75  1.2  5.367  0.93  0.3  0.6  30  0.015  0.6  10.7  7.55
0.875  30  15  4  30000  300000  4000  5000  1800  1000  500  500  0.05  2.75  5.5  3  10.2  0.65  0.75  57.5  40  55  0.05  2.5  3  180  4  275  20  8  8  60  0.1076  0.095  450  1.65  0.044  0.205  30.4  4.36  99.38  5.75  1.2  5.367  0.93  0.3  0.6  30  0.015  0.6  10.7  7.55
0.875  30  15  4  30000  300000  4000  5000  1800  1000  500  500  0.05  2.75  5.5  3  10.2  0.65  0.75  57.5  40  55  0.05  2.5  3  180  4  275  20  8  8  60  0.1084  0.095  450  1.65  0.044  0.205  30.4  4.36  99.38  5.75  1.2  5.367  0.93  0.3  0.6  30  0.015  0.6  10.7  7.55
0.875  30  15  4  30000  300000  4000  5000  1800  1000  500  500  0.05  2.75  5.5  3  10.2  0.65  0.75  57.5  40  55  0.05  2.5  3  180  4  275  20  8  8  60  0.1092  0.095  450  1.65  0.044  0.205  30.4  4.36  99.38  5.75  1.2  5.367  0.93  0.3  0.6  30  0.015  0.6  10.7  7.55
0.875  30  15  4  30000  300000  4000  5000  1800  1000  500  500  0.05  2.75  5.5  3  10.2  0.65  0.75  57.5  40  55  0.05  2.5  3  180  4  275  20  8  8  60  0.11  0.095  450  1.65  0.044  0.205  30.4  4.36  99.38  5.75  1.2  5.367  0.93  0.3  0.6  30  0.015  0.6  10.7  7.55
0.875  30  15  4  30000  300000  4000  5000  1800  1000  500  500  0.05  2.75  5.5  3  10.2  0.65  0.75  57.5  40  55  0.05  2.5  3  180  4  275  20  8  8  60  0.1108  0.095  450  1.65  0.044  0.205  30.4  4.36  99.38  5.75  1.2  5.367  0.93  0.3  0.6  30  0.015  0.6  10.7  7.55
0.875  30  15  4  30000  300000  4000  5000  1800  1000  500  500  0.05  2.75  5.5  3  10.2  0.65  0.75  57.5  40  55  0.05  2.5  3  180  4  275  20  8  8  60  0.1116  0.095  450  1.65  0.044  0.205  30.4  4.36  99.38  5.75  1.2  5.367  0.93  0.3  0.6  30  0.015  0.6  10.7  7.55
0.875  30  15  4  30000  300000  4000  5000  1800  1000  500  500  0.05  2.75  5.5  3  10.2  0.65  0.75  57.5  40  55  0.05  2.5  3  180  4  275  20  8  8  60  0.1124  0.095  450  1.65  0.044  0.205  30.4  4.36  99.38  5.75  1.2  5.367  0.93  0.3  0.6  30  0.015  0.6  10.7  7.55
0.875  30  15  4  30000  300000  4000  5000  1800  1000  500  500  0.05  2.75  5.5  3  10.2  0.65  0.75  57.5  40  55  0.05  2.5  3  180  4  275  20  8  8  60  0.1132  0.095  450  1.65  0.044  0.205  30.4  4.36  99.38  5.75  1.2  5.367  0.93  0.3  0.6  30  0.015  0.6  10.7  7.55
0.875  30  15  4  30000  300000  4000  5000  1800  1000  500  500  0.05  2.75  5.5  3  10.2  0.65  0.75  57.5  40  55  0.05  2.5  3  180  4  275  20  8  8  60  0.114  0.095  450  1.65  0.044  0.205  30.4  4.36  99.38  5.75  1.2  5.367  0.93  0.3  0.6  30  0.015  0.6  10.7  7.55
0.875  30  15  4  30000  300000  4000  5000  1800  1000  500  500  0.05  2.75  5.5  3  10.2  0.65  0.75  57.5  40  55  0.05  2.5  3  180  4  275  20  8  8  60  0.1148  0.095  450  1.65  0.044  0.205  30.4  4.36  99.38  5.75  1.2  5.367  0.93  0.3  0.6  30  0.015  0.6  10.7  7.55
0.875  30  15  4  30000  300000  4000  5000  1800  1000  500  500  0.05  2.75  5.5  3  10.2  0.65  0.75  57.5  40  55  0.05  2.5  3  180  4  275  20  8  8  60  0.1156  0.095  450  1.65  0.044  0.205  30.4  4.36  99.38  5.75  1.2  5.367  0.93  0.3  0.6  30  0.015  0.6  10.7  7.55
0.875  30  15  4  30000  300000  4000  5000  1800  1000  500  500  0.05  2.75  5.5  3  10.2  0.65  0.75  57.5  40  55  0.05  2.5  3  180  4  275  20  8  8  60  0.1164  0.095  450  1.65  0.044  0.205  30.4  4.36  99.38  5.75  1.2  5.367  0.93  0.3  0.6  30  0.015  0.6  10.7  7.55
0.875  30  15  4  30000  300000  4000  5000  1800  1000  500  500  0.05  2.75  5.5  3  10.2  0.65  0.75  57.5  40  55  0.05  2.5  3  180  4  275  20  8  8  60  0.1172  0.095  450  1.65  0.044  0.205  30.4  4.36  99.38  5.75  1.2  5.367  0.93  0.3  0.6  30  0.015  0.6  10.7  7.55
0.875  30  15  4  30000  300000  4000  5000  1800  1000  500  500  0.05  2.75  5.5  3  10.2  0.65  0.75  57.5  40  55  0.05  2.5  3  180  4  275  20  8  8  60  0.118  0.095  450  1.65  0.044  0.205  30.4  4.36  99.38  5.75  1.2  5.367  0.93  0.3  0.6  30  0.015  0.6  10.7  7.55
0.875  30  15  4  30000  300000  4000  5000  1800  1000  500  500  0.05  2.75  5.5  3  10.2  0.65  0.75  57.5  40  55  0.05  2.5  3  180  4  275  20  8  8  60  0.1188  0.095  450  1.65  0.044  0.205  30.4  4.36  99.38  5.75  1.2  5.367  0.93  0.3  0.6  30  0.015  0.6  10.7  7.55
0.875  30  15  4  30000  300000  4000  5000  1800  1000  500  500  0.05  2.75  5.5  3  10.2  0.65  0.75  57.5  40  55  0.05  2.5  3  180  4  275  20  8  8  60  0.1196  0.095  450  1.65  0.044  0.205  30.4  4.36  99.38  5.75  1.2  5.367  0.93  0.3  0.6  30  0.015  0.6  10.7  7.55
0.875  30  15  4  30000  300000  4000  5000  1800  1000  500  500  0.05  2.75  5.5  3  10.2  0.65  0.75  57.5  40  55  0.05  2.5  3  180  4  275  20  8  8  60  0.1204  0.095  450  1.65  0.044  0.205  30.4  4.36  99.38  5.75  1.2  5.367  0.93  0.3  0.6  30  0.015  0.6  10.7  7.55
0.875  30  15  4  30000  300000  4000  5000  1800  1000  500  500  0.05  2.75  5.5  3  10.2  0.65  0.75  57.5  40  55  0.05  2.5  3  180  4  275  20  8  8  60  0.1212  0.095  450  1.65  0.044  0.205  30.4  4.36  99.38  5.75  1.2  5.367  0.93  0.3  0.6  30  0.015  0.6  10.7  7.55
0.875  30  15  4  30000  300000  4000  5000  1800  1000  500  500  0.05  2.75  5.5  3  10.2  0.65  0.75  57.5  40  55  0.05  2.5  3  180  4  275  20  8  8  60  0.122  0.095  450  1.65  0.044  0.205  30.4  4.36  99.38  5.75  1.2  5.367  0.93  0.3  0.6  30  0.015  0.6  10.7  7.55
0.875  30  15  4  30000  300000  4000  5000  1800  1000  500  500  0.05  2.75  5.5  3  10.2  0.65  0.75  57.5  40  55  0.05  2.5  3  180  4  275  20  8  8  60  0.1228  0.095  450  1.65  0.044  0.205  30.4  4.36  99.38  5.75  1.2  5.367  0.93  0.3  0.6  30  0.015  0.6  10.7  7.55
0.875  30  15  4  30000  300000  4000  5000  1800  1000  500  500  0.05  2.75  5.5  3  10.2  0.65  0.75  57.5  40  55  0.05  2.5  3  180  4  275  20  8  8  60  0.1236  0.095  450  1.65  0.044  0.205  30.4  4.36  99.38  5.75  1.2  5.367  0.93  0.3  0.6  30  0.015  0.6  10.7  7.55
0.875  30  15  4  30000  300000  4000  5000  1800  1000  500  500  0.05  2.75  5.5  3  10.2  0.65  0.75  57.5  40  55  0.05  2.5  3  180  4  275  20  8  8  60  0.1244  0.095  450  1.65  0.044  0.205  30.4  4.36  99.38  5.75  1.2  5.367  0.93  0.3  0.6  30  0.015  0.6  10.7  7.55
0.875  30  15  4  30000  300000  4000  5000  1800  1000  500  500  0.05  2.75  5.5  3  10.2  0.65  0.75  57.5  40  55  0.05  2.5  3  180  4  275  20  8  8  60  0.1252  0.095  450  1.65  0.044  0.205  30.4  4.36  99.38  5.75  1.2  5.367  0.93  0.3  0.6  30  0.015  0.6  10.7  7.55
0.875  30  15  4  30000  300000  4000  5000  1800  1000  500  500  0.05  2.75  5.5  3  10.2  0.65  0.75  57.5  40  55  0.05  2.5  3  180  4  275  20  8  8  60  0.126  0.095  450  1.65  0.044  0.205  30.4  4.36  99.38  5.75  1.2  5.367  0.93  0.3  0.6  30  0.015  0.6  10.7  7.55
0.875  30  15  4  30000  300000  4000  5000  1800  1000  500  500  0.05  2.75  5.5  3  10.2  0.65  0.75  57.5  40  55  0.05  2.5  3  180  4  275  20  8  8  60  0.1268  0.095  450  1.65  0.044  0.205  30.4  4.36  99.38  5.75  1.2  5.367  0.93  0.3  0.6  30  0.015  0.6  10.7  7.55
0.875  30  15  4  30000  300000  4000  5000  1800  1000  500  500  0.05  2.75  5.5  3  10.2  0.65  0.75  57.5  40  55  0.05  2.5  3  180  4  275  20  8  8  60  0.1276  0.095  450  1.65  0.044  0.205  30.4  4.36  99.38  5.75  1.2  5.367  0.93  0.3  0.6  30  0.015  0.6  10.7  7.55
0.875  30  15  4  30000  300000  4000  5000  1800  1000  500  500  0.05  2.75  5.5  3  10.2  0.65  0.75  57.5  40  55  0.05  2.5  3  180  4  275  20  8  8  60  0.1284  0.095  450  1.65  0.044  0.205  30.4  4.36  99.38  5.75  1.2  5.367  0.93  0.3  0.6  30  0.015  0.6  10.7  7.55
0.875  30  15  4  30000  300000  4000  5000  1800  1000  500  500  0.05  2.75  5.5  3  10.2  0.65  0.75  57.5  40  55  0.05  2.5  3  180  4  275  20  8  8  60  0.1292  0.095  450  1.65  0.044  0.205  30.4  4.36  99.38  5.75  1.2  5.367  0.93  0.3  0.6  30  0.015  0.6  10.7  7.55
0.875  30  15  4  30000  300000  4000  5000  1800  1000  500  500  0.05  2.75  5.5  3  10.2  0.65  0.75  57.5  40  55  0.05  2.5  3  180  4  275  20  8  8  60  0.13  0.095  450  1.65  0.044  0.205  30.4  4.36  99.38  5.75  1.2  5.367  0.93  0.3  0.6  30  0.015  0.6  10.7  7.55
0.875  30  15  4  30000  300000  4000  5000  1800  1000  500  500  0.05  2.75  5.5  3  10.2  0.65  0.75  57.5  40  55  0.05  2.5  3  180  4  275  20  8  8  60  0.1308  0.095  450  1.65  0.044  0.205  30.4  4.36  99.38  5.75  1.2  5.367  0.93  0.3  0.6  30  0.015  0.6  10.7  7.55
0.875  30  15  4  30000  300000  4000  5000  1800  1000  500  500  0.05  2.75  5.5  3  10.2  0.65  0.75  57.5  40  55  0.05  2.5  3  180  4  275  20  8  8  60  0.1316  0.095  450  1.65  0.044  0.205  30.4  4.36  99.38  5.75  1.2  5.367  0.93  0.3  0.6  30  0.015  0.6  10.7  7.55
0.875  30  15  4  30000  300000  4000  5000  1800  1000  500  500  0.05  2.75  5.5  3  10.2  0.65  0.75  57.5  40  55  0.05  2.5  3  180  4  275  20  8  8  60  0.1324  0.095  450  1.65  0.044  0.205  30.4  4.36  99.38  5.75  1.2  5.367  0.93  0.3  0.6  30  0.015  0.6  10.7  7.55
0.875  30  15  4  30000  300000  4000  5000  1800  1000  500  500  0.05  2.75  5.5  3  10.2  0.65  0.75  57.5  40  55  0.05  2.5  3  180  4  275  20  8  8  60  0.1332  0.095  450  1.65  0.044  0.205  30.4  4.36  99.38  5.75  1.2  5.367  0.93  0.3  0.6  30  0.015  0.6  10.7  7.55
0.875  30  15  4  30000  300000  4000  5000  1800  1000  500  500  0.05  2.75  5.5  3  10.2  0.65  0.75  57.5  40  55  0.05  2.5  3  180  4  275  20  8  8  60  0.134  0.095  450  1.65  0.044  0.205  30.4  4.36  99.38  5.75  1.2  5.367  0.93  0.3  0.6  30  0.015  0.6  10.7  7.55
0.875  30  15  4  30000  300000  4000  5000  1800  1000  500  500  0.05  2.75  5.5  3  10.2  0.65  0.75  57.5  40  55  0.05  2.5  3  180  4  275  20  8  8  60  0.1348  0.095  450  1.65  0.044  0.205  30.4  4.36  99.38  5.75  1.2  5.367  0.93  0.3  0.6  30  0.015  0.6  10.7  7.55
0.875  30  15  4  30000  300000  4000  5000  1800  1000  500  500  0.05  2.75  5.5  3  10.2  0.65  0.75  57.5  40  55  0.05  2.5  3  180  4  275  20  8  8  60  0.1356  0.095  450  1.65  0.044  0.205  30.4  4.36  99.38  5.75  1.2  5.367  0.93  0.3  0.6  30  0.015  0.6  10.7  7.55
0.875  30  15  4  30000  300000  4000  5000  1800  1000  500  500  0.05  2.75  5.5  3  10.2  0.65  0.75  57.5  40  55  0.05  2.5  3  180  4  275  20  8  8  60  0.1364  0.095  450  1.65  0.044  0.205  30.4  4.36  99.38  5.75  1.2  5.367  0.93  0.3  0.6  30  0.015  0.6  10.7  7.55
0.875  30  15  4  30000  300000  4000  5000  1800  1000  500  500  0.05  2.75  5.5  3  10.2  0.65  0.75  57.5  40  55  0.05  2.5  3  180  4  275  20  8  8  60  0.1372  0.095  450  1.65  0.044  0.205  30.4  4.36  99.38  5.75  1.2  5.367  0.93  0.3  0.6  30  0.015  0.6  10.7  7.55
0.875  30  15  4  30000  300000  4000  5000  1800  1000  500  500  0.05  2.75  5.5  3  10.2  0.65  0.75  57.5  40  55  0.05  2.5  3  180  4  275  20  8  8  60  0.138  0.095  450  1.65  0.044  0.205  30.4  4.36  99.38  5.75  1.2  5.367  0.93  0.3  0.6  30  0.015  0.6  10.7  7.55
0.875  30  15  4  30000  300000  4000  5000  1800  1000  500  500  0.05  2.75  5.5  3  10.2  0.65  0.75  57.5  40  55  0.05  2.5  3  180  4  275  20  8  8  60  0.1388  0.095  450  1.65  0.044  0.205  30.4  4.36  99.38  5.75  1.2  5.367  0.93  0.3  0.6  30  0.015  0.6  10.7  7.55
0.875  30  15  4  30000  300000  4000  5000  1800  1000  500  500  0.05  2.75  5.5  3  10.2  0.65  0.75  57.5  40  55  0.05  2.5  3  180  4  275  20  8  8  60  0.1396  0.095  450  1.65  0.044  0.205  30.4  4.36  99.38  5.75  1.2  5.367  0.93  0.3  0.6  30  0.015  0.6  10.7  7.55
0.875  30  15  4  30000  300000  4000  5000  1800  1000  500  500  0.05  2.75  5.5  3  10.2  0.65  0.75  57.5  40  55  0.05  2.5  3  180  4  275  20  8  8  60  0.1404  0.095  450  1.65  0.044  0.205  30.4  4.36  99.38  5.75  1.2  5.367  0.93  0.3  0.6  30  0.015  0.6  10.7  7.55
0.875  30  15  4  30000  300000  4000  5000  1800  1000  500  500  0.05  2.75  5.5  3  10.2  0.65  0.75  57.5  40  55  0.05  2.5  3  180  4  275  20  8  8  60  0.1412  0.095  450  1.65  0.044  0.205  30.4  4.36  99.38  5.75  1.2  5.367  0.93  0.3  0.6  30  0.015  0.6  10.7  7.55
0.875  30  15  4  30000  300000  4000  5000  1800  1000  500  500  0.05  2.75  5.5  3  10.2  0.65  0.75  57.5  40  55  0.05  2.5  3  180  4  275  20  8  8  60  0.142  0.095  450  1.65  0.044  0.205  30.4  4.36  99.38  5.75  1.2  5.367  0.93  0.3  0.6  30  0.015  0.6  10.7  7.55
0.875  30  15  4  30000  300000  4000  5000  1800  1000  500  500  0.05  2.75  5.5  3  10.2  0.65  0.75  57.5  40  55  0.05  2.5  3  180  4  275  20  8  8  60  0.1428  0.095  450  1.65  0.044  0.205  30.4  4.36  99.38  5.75  1.2  5.367  0.93  0.3  0.6  30  0.015  0.6  10.7  7.55
0.875  30  15  4  30000  300000  4000  5000  1800  1000  500  500  0.05  2.75  5.5  3  10.2  0.65  0.75  57.5  40  55  0.05  2.5  3  180  4  275  20  8  8  60  0.1436  0.095  450  1.65  0.044  0.205  30.4  4.36  99.38  5.75  1.2  5.367  0.93  0.3  0.6  30  0.015  0.6  10.7  7.55
0.875  30  15  4  30000  300000  4000  5000  1800  1000  500  500  0.05  2.75  5.5  3  10.2  0.65  0.75  57.5  40  55  0.05  2.5  3  180  4  275  20  8  8  60  0.1444  0.095  450  1.65  0.044  0.205  30.4  4.36  99.38  5.75  1.2  5.367  0.93  0.3  0.6  30  0.015  0.6  10.7  7.55
0.875  30  15  4  30000  300000  4000  5000  1800  1000  500  500  0.05  2.75  5.5  3  10.2  0.65  0.75  57.5  40  55  0.05  2.5  3  180  4  275  20  8  8  60  0.1452  0.095  450  1.65  0.044  0.205  30.4  4.36  99.38  5.75  1.2  5.367  0.93  0.3  0.6  30  0.015  0.6  10.7  7.55
0.875  30  15  4  30000  300000  4000  5000  1800  1000  500  500  0.05  2.75  5.5  3  10.2  0.65  0.75  57.5  40  55  0.05  2.5  3  180  4  275  20  8  8  60  0.146  0.095  450  1.65  0.044  0.205  30.4  4.36  99.38  5.75  1.2  5.367  0.93  0.3  0.6  30  0.015  0.6  10.7  7.55
0.875  30  15  4  30000  300000  4000  5000  1800  1000  500  500  0.05  2.75  5.5  3  10.2  0.65  0.75  57.5  40  55  0.05  2.5  3  180  4  275  20  8  8  60  0.1468  0.095  450  1.65  0.044  0.205  30.4  4.36  99.38  5.75  1.2  5.367  0.93  0.3  0.6  30  0.015  0.6  10.7  7.55
0.875  30  15  4  30000  300000  4000  5000  1800  1000  500  500  0.05  2.75  5.5  3  10.2  0.65  0.75  57.5  40  55  0.05  2.5  3  180  4  275  20  8  8  60  0.1476  0.095  450  1.65  0.044  0.205  30.4  4.36  99.38  5.75  1.2  5.367  0.93  0.3  0.6  30  0.015  0.6  10.7  7.55
0.875  30  15  4  30000  300000  4000  5000  1800  1000  500  500  0.05  2.75  5.5  3  10.2  0.65  0.75  57.5  40  55  0.05  2.5  3  180  4  275  20  8  8  60  0.1484  0.095  450  1.65  0.044  0.205  30.4  4.36  99.38  5.75  1.2  5.367  0.93  0.3  0.6  30  0.015  0.6  10.7  7.55
0.875  30  15  4  30000  300000  4000  5000  1800  1000  500  500  0.05  2.75  5.5  3  10.2  0.65  0.75  57.5  40  55  0.05  2.5  3  180  4  275  20  8  8  60  0.1492  0.095  450  1.65  0.044  0.205  30.4  4.36  99.38  5.75  1.2  5.367  0.93  0.3  0.6  30  0.015  0.6  10.7  7.55
0.875  30  15  4  30000  300000  4000  5000  1800  1000  500  500  0.05  2.75  5.5  3  10.2  0.65  0.75  57.5  40  55  0.05  2.5  3  180  4  275  20  8  8  60  0.15  0.095  450  1.65  0.044  0.205  30.4  4.36  99.38  5.75  1.2  5.367  0.93  0.3  0.6  30  0.015  0.6  10.7  7.55