Absolute (scaled and unscaled) effects; first averaged outputs of 3 replicates.

 Unscaled absolute effects:
Yield:
1					2					3					4					5					6					7					8					9					10					11					12					13					14					15					16					17					18					19					20					21					
22					23					24					25					26					27					28					29					30					31					32					33					34					35					36					37					38					39					40					41					
42					43					44					45					46					47					48					49					50					51					52
2.004939862e+02	1.626511959e-01	3.823620106e+01	2.289492096e+01	9.875640181e-04	6.911559032e-04	3.935245725e-03	1.617552893e-02	1.292518834e-01	9.287117555e-02	3.004422748e-01	1.916544925e-01	1.562146209e+03	1.677515869e+02	1.493194896e+01	2.289440057e+01	2.703130226e+01	7.103226804e+02	6.705105195e+02	2.421014600e+00	6.097174680e-01	6.605338565e-01	7.339859539e+03	1.835037808e+02	1.497232505e+01	1.345399577e+00	3.981706754e+00	4.621395552e+00	2.283773714e+01	3.950723076e+01	1.252224371e+02	3.036182496e+01	8.976721403e+03	3.545311445e+03	7.624245381e-01	9.560076443e+01	1.787827736e+04	1.177779033e+03	1.531681746e+01	1.748760948e+01	2.778856450e+00	1.151601112e+01	8.038153073e+01	1.549753066e+01	6.719531051e+01	6.902282330e+02	2.693208005e+02	7.700527053e-01	1.092209825e+04	1.305823793e+03	8.351857269e+01	6.383472637e+01
1.856311408e+03	1.175070307e+02	2.963905150e+01	4.031695191e+00	1.505597828e-03	9.609031389e-04	2.606431523e-02	8.751067180e-02	2.228914776e-02	3.259872211e-01	1.909608052e-01	5.584596865e-01	1.579820455e+03	1.971250900e+02	5.724601077e+01	3.146388570e+00	2.899652844e+00	2.739607069e+01	4.173379374e+01	9.994629144e-01	1.087200794e-01	3.704087312e-01	2.749336195e+03	5.452795061e+00	1.845698345e+01	3.576073130e-01	2.253643818e+00	1.506299739e-01	1.248137501e-01	7.758002525e-01	8.641633406e+01	6.493574225e-01	4.378583499e+02	6.253759266e+01	1.243578772e-01	9.939039562e-01	2.383794955e+03	1.513645403e+03	1.500921931e+00	1.289682882e+01	2.704025254e+00	8.634040916e+00	2.919790178e+01	2.302839787e+01	1.835077519e-01	6.070138975e+02	2.097504875e+02	4.795363240e-01	7.748958205e+03	1.135432482e+03	1.193248334e+02	6.625856973e+01
7.569864249e+00	3.224960249e+00	4.374954683e+01	1.673546050e+01	2.720772151e-03	7.329154014e-04	3.092134116e-02	1.840280306e-02	4.596188579e-02	3.658182186e-01	2.201334498e-01	5.254198784e-01	6.245274999e+02	1.393442204e+02	3.927009279e+01	2.312934044e+00	2.960585853e+00	6.244032496e+01	1.899655391e+00	4.768184447e-02	4.874226539e-01	3.884469048e-01	5.506501513e+00	7.973086860e+00	2.999214617e+00	7.631240734e-03	2.057938653e+00	4.762497605e-03	4.804921287e-01	3.412605935e-01	1.931904756e+02	6.957843864e-01	5.990009134e+01	1.902808299e+01	5.544992124e-02	1.084920475e+02	8.278382525e+03	1.812882043e+03	4.256504364e+00	8.894323333e+00	1.997640428e+00	1.317591743e+01	5.361746847e+01	6.339747146e+00	8.782323761e-01	1.098924763e+03	2.891713324e+02	8.358264818e-02	1.284907024e+04	1.608987197e+03	1.884248046e+02	9.896156272e+01
2.979428075e+02	5.799378640e+00	3.349513633e+01	9.430138986e+00	8.025990053e-03	2.120270943e-04	2.349302397e-02	3.949093442e-02	7.964253532e-02	3.232137397e-01	5.613981994e-01	2.363730729e-01	2.797189321e+03	6.693458535e+00	8.750545622e+01	3.126329720e-01	1.912672841e+01	2.413464845e+02	2.348939520e+02	9.695628810e-01	1.553830308e+00	5.980827076e-01	2.242875289e+03	4.457764079e+01	8.799478764e-01	1.268369557e-01	3.506225968e-01	6.394478456e-01	1.461812088e+01	1.139676188e+01	1.065392959e+02	2.069494881e-01	7.644590913e+02	2.280186731e+02	1.499789840e+00	2.910057104e+02	2.671684309e+03	3.429878963e+02	5.709639592e+00	7.339176950e+01	1.015928927e+00	3.913408176e+00	4.821798091e+01	5.116358684e+01	2.799235662e+01	1.410949335e+03	7.732067486e+01	5.011072957e-01	1.861264494e+04	7.222422417e+02	9.055968314e+00	1.089196740e+02
1.521650129e+01	1.407954307e+00	3.784124271e+01	1.384694605e+01	2.352141190e-03	6.550222937e-04	3.624391082e-02	8.242515967e-03	5.232858046e-02	3.109778187e-01	3.523170164e-01	3.627612871e-01	3.636218624e+02	1.186836927e+02	4.755918700e+01	6.151685902e+00	7.297290163e+00	2.027496643e+01	1.974378649e+01	7.489616648e-01	1.536090148e-01	2.706424768e-01	5.448727249e+02	3.003622916e+00	3.669720597e+00	1.011725631e-01	1.383744758e+00	4.603758682e-01	1.792683899e-01	6.605726512e-02	1.440749588e+02	9.521888995e-02	1.148601447e+02	9.605581229e+01	4.914249060e-02	9.378437249e+00	4.380983413e+03	2.048097726e+03	8.364286932e-01	9.641659052e+00	1.923327274e+00	1.333683802e+00	8.153080735e+01	9.755200153e+00	6.889053054e+01	9.246839146e+02	2.384978122e+02	1.896594473e-01	6.790690045e+03	4.806792655e+02	1.565612317e+02	6.985935928e+01
2.018033482e+02	2.433012291e+00	1.359268233e+01	7.450254761e+01	4.081455569e-03	1.436279766e-03	5.420653394e-02	3.606486793e-02	3.120086703e-01	1.864369521e-01	4.749351465e-01	2.179747990e+00	1.025729808e+03	2.949080954e+02	3.849949831e+01	1.086276170e+00	4.648703277e+01	5.708293007e+02	3.517939161e+02	2.518035254e+00	1.716323677e+00	3.383661636e-01	2.988423594e+02	3.970115294e+00	2.815005723e+01	5.428200955e-01	2.934951787e+00	2.925774072e-01	1.249403347e+00	3.919312815e+00	3.620632697e+01	8.122042070e-01	3.137500697e+02	2.838606904e+02	1.440220386e-01	2.221994320e+01	3.015141693e+03	4.450450707e+03	6.334168400e-02	4.605672374e+01	5.120534915e+00	2.680690844e+01	2.002321565e+02	1.128896637e+01	1.114614326e+02	2.565808339e+03	4.196309091e+02	1.654876796e+00	1.403307063e+04	7.886176141e+02	5.695646857e+01	1.995407120e+01
2.509945088e+01	8.295857017e-02	3.796960315e+01	1.208813282e+01	1.465942130e-03	4.260497335e-04	2.068140505e-02	7.425286419e-04	1.130893850e-02	2.635068567e-01	2.922092310e-02	3.549486526e-02	7.608300020e+02	1.556579686e+02	3.757975548e+01	1.488964809e+00	6.224613386e+00	1.377933669e+01	3.167657283e+02	6.309542676e-01	9.683684848e-01	1.122487842e-01	1.304343182e+03	3.235817485e+01	4.454256426e-01	9.233738891e-01	2.094423636e-01	5.895626926e+00	6.101358450e+01	8.184905895e+00	1.227986143e+02	1.996491643e+00	2.932761640e+02	2.414173165e+01	1.436331782e-01	1.514472427e+02	5.021632649e+03	1.580979221e+03	3.522735416e+00	1.299532501e+01	3.172776873e+00	2.283321736e+01	6.016219464e+01	1.940365638e+01	8.332254067e+01	1.223570634e+03	2.526532600e+02	6.574804253e-01	1.623725210e+04	1.422204025e+03	1.201903635e+02	6.348526470e+01
3.819234267e+02	1.400542414e+01	2.380664592e+01	6.968556693e+00	1.953252430e-03	8.761621994e-04	3.418494179e-03	4.805762254e-02	4.309880932e-05	1.891535299e-01	4.053201544e-01	1.592918937e-02	1.017300143e+03	2.068389382e+02	8.203055240e+01	8.599027386e+00	1.410450047e+00	2.105248223e+02	1.744194945e+02	4.673864957e-02	2.721426853e-01	2.437016158e-02	1.240219810e+03	2.659772139e+01	7.993376960e-01	3.855659260e-02	1.550717194e+00	3.823681224e-01	3.808338388e-01	3.145612799e+00	9.357179218e+01	6.457097087e-01	3.867802200e+02	8.647586571e+01	1.100605328e-01	2.190782249e+01	4.843978145e+02	1.328384918e+03	1.471453490e+00	9.351906172e+01	6.561267720e+00	5.883259860e+00	3.672659554e+01	7.271581537e+01	6.751825228e+01	1.368218450e+03	1.148003430e+02	1.444338978e+01	2.210325572e+04	3.385722883e+03	9.601166894e+03	5.427825214e+01
1.463369766e+02	3.279080461e+00	3.541439509e+01	4.372989545e+01	5.180929976e-03	5.052507193e-04	5.357166436e-02	4.236305436e-03	6.026733494e-02	5.397672312e-01	5.730312266e-01	2.336954223e+00	1.723325924e+03	1.832319772e+01	2.914841568e+02	5.049146624e+02	1.546940638e+02	1.230277499e+03	3.764951482e+02	7.176112536e+00	9.877431445e-01	8.227818903e-01	5.693681545e+03	1.225079093e+01	7.275674041e+00	2.557053122e-01	1.080763227e+00	4.867338141e-02	1.533325509e+00	1.563006620e+00	1.655721369e+02	7.204913677e-01	4.204007377e+02	2.529561454e+02	1.407833233e-01	5.926875449e+00	1.158736690e+04	1.995344527e+03	3.173592996e+00	3.462374663e+01	1.108269678e+00	3.363345215e+01	4.592988927e+01	2.246743617e+01	1.457113094e+02	2.171397145e+03	5.222226708e+02	3.252722061e-01	1.246327708e+04	2.354639184e+03	8.146737268e+01	4.367467163e+01
4.508094681e+02	4.552535400e+00	2.374161751e+01	4.302588178e+01	7.184051307e-03	1.346898038e-05	3.159246464e-02	9.239450374e-02	2.868443488e-01	7.352576115e-01	2.024107958e-01	2.166911082e+00	9.727000009e+02	2.916943172e+02	1.768443751e+02	1.592350323e+01	1.244578492e+01	1.975048192e+01	2.492205040e+02	1.968005493e-01	1.006436390e+00	1.356424435e+00	1.768398915e+02	2.866108898e+01	2.667125647e+01	1.030765525e+01	2.137519912e+00	1.707475521e+00	1.605855712e+01	7.990350258e+01	1.792376532e+02	9.333127363e-02	3.899740133e+01	3.526588053e+02	6.992998254e-01	5.784083331e+02	1.320013988e+03	3.076364273e+03	9.384794523e-01	1.079930751e+00	5.927439963e+00	4.928901497e+00	6.796818824e+01	1.651234806e+01	1.461512619e+01	2.603168994e+03	5.175308048e+02	1.621561177e-01	2.157889820e+04	2.579742866e+03	6.135584618e+01	6.356032661e+01
6.315024306e+00	5.202405492e+00	3.366596608e+01	3.556890192e+01	3.286549692e-03	5.684627404e-04	1.771390752e-02	1.911462167e-02	1.372790458e-01	1.553011050e+00	5.315463087e-01	1.351172633e+00	2.122335624e+02	1.406804872e+02	9.885551151e+01	1.495147326e+00	9.368342426e+00	7.005743052e+01	4.546241204e+01	1.548495024e+00	7.619485720e-02	4.343113643e-01	6.375815716e+02	3.082710723e+00	7.041963346e+00	1.727953731e-01	2.118004017e+00	4.019399216e-01	3.679104502e-01	1.301741096e+00	1.110000651e+02	5.804490878e-01	3.953588177e+02	1.392934904e+02	1.220219264e-01	1.064484351e+01	1.535744586e+03	3.253301130e+03	7.180623942e+00	3.298712934e+02	6.788846013e+01	8.758205816e+01	2.622731333e+02	1.594130259e+01	1.397472838e+01	9.259321903e+02	2.579740655e+02	9.015523869e-01	9.436530307e+03	1.334099877e+03	1.430792853e+02	4.145875477e+01
7.168107873e+01	9.740504518e+00	4.392754971e+01	3.497715070e+00	8.376320305e-03	2.091393653e-04	1.358874985e-02	7.558405598e-02	2.463861641e-01	4.087530509e-01	8.255563265e-02	1.141752758e+00	1.567568228e+03	4.748756847e+01	2.286909357e+02	6.457114829e+00	2.296024234e+00	1.198149226e+02	6.816937451e+01	9.204109172e-02	3.294758442e+00	4.415076713e-01	4.304334676e+02	1.702912366e+01	1.832097897e+00	8.663648930e-02	9.803214192e-01	5.362328469e-01	4.298262157e+00	4.358071435e+00	2.791346064e+01	4.187764782e-02	7.401166543e+01	3.110080524e+01	1.992274332e+00	5.044818197e+02	1.690304392e+02	3.777278519e+02	5.042717636e-01	3.366638914e+00	6.177378742e-01	2.140934240e+00	1.016863876e+02	4.096779847e+00	6.993980883e+00	1.043927964e+03	1.236021015e+02	3.355943605e-01	1.169559107e+04	9.274197178e+02	5.978949411e+01	2.240634992e+01
6.086754051e+00	2.699859464e+00	3.539820632e+01	2.223876541e+00	7.737214227e-04	3.092002035e-04	1.869169654e-02	8.583099457e-01	2.941242122e-01	1.820947438e-01	3.329240685e-01	3.011097196e-01	9.992051680e+02	9.353991070e+01	1.115514221e+01	8.576590434e-01	1.719685921e+00	3.096360882e+01	9.166279927e+01	1.235578070e-01	8.427017587e-02	1.053729696e-01	2.630817802e+02	2.887989026e+01	1.972717355e+00	1.047517973e-01	1.183609760e+00	5.772638650e-01	5.401086298e-01	2.445550861e+01	9.421961398e+01	9.697450348e-01	2.480943212e+01	1.916001382e+02	2.556260962e-01	1.322503858e+01	8.521210724e+01	1.470456840e+03	7.805126838e-01	5.136990423e-01	1.878330261e+00	9.373880555e+00	1.687801117e-01	1.249720479e+01	7.037840500e+00	4.745703223e+02	2.258921407e+02	6.178332833e-01	9.627170554e+03	6.412544199e+02	1.043340770e+02	6.888127742e+01
2.614459299e+02	1.838994985e+00	2.837344380e+01	1.257285418e+01	2.459369887e-03	5.280861077e-04	3.430152987e-02	2.859055802e-03	6.169038742e-02	3.635354421e-01	1.022606118e-01	6.038860093e-01	6.786049656e+02	2.037080513e+02	7.451126802e+01	1.181523814e+04	4.842825010e+02	6.558674542e+02	4.415635381e+02	7.724014907e-01	9.758986659e-01	1.752540069e-01	1.229022529e+03	8.572527829e+00	6.024844798e+00	7.890113651e-02	3.873536344e+00	2.874437071e-01	5.561843169e-01	8.905415169e-01	1.094750036e+02	1.465965582e+00	5.327512196e+02	3.738669607e+02	8.270070664e-03	6.266770032e+01	1.815696749e+04	2.424292890e+04	3.035078906e+01	1.067823384e+02	3.213362724e+00	3.995285573e+01	9.566805162e+01	1.710536541e+01	1.871243548e+02	9.331990486e+02	2.247619804e+02	6.077482524e-01	1.528965912e+04	9.937646342e+02	1.404066317e+02	7.026420476e+01
9.526750005e+01	8.361715294e-01	3.117221835e+01	7.437745585e+00	1.859939414e-03	4.948111610e-04	8.394846761e-02	1.004289078e-02	9.956224993e-02	2.171158012e-01	6.482543402e-02	1.888890706e-01	3.052759323e+02	7.861576664e+01	3.127869876e+01	6.388655484e+00	4.947600389e+00	2.354170516e+02	1.801665051e+02	6.562333904e-01	1.310769042e+00	1.501369131e+00	2.711670727e+04	3.924442939e+02	3.934826005e+00	6.164220727e-01	2.470747793e+00	4.684574514e-02	9.389193731e-02	7.487773290e-01	1.468773344e+02	4.554689315e-01	1.754086255e+02	1.584129107e+02	4.768741888e-01	5.609269930e+01	1.581624050e+03	7.511590527e+02	4.388555099e+00	6.657218988e+01	1.700502955e+00	6.548188737e+00	5.865490288e+01	2.560296845e+01	1.221843575e+04	2.618631234e+03	8.943074694e+01	9.335822636e-01	5.572103207e+03	9.928230330e+02	1.767505383e+02	9.558855452e+01
3.146023209e+00	3.478677140e+00	2.164301136e+01	9.791207546e+00	1.890081540e-03	5.970573556e-04	1.439600237e-02	1.356224379e-02	2.386826254e-02	2.118223211e-01	1.960204771e-01	8.268206748e-01	1.964421442e+04	1.685917478e+02	1.222798854e+01	1.380042878e+01	1.172532716e+01	3.236603277e+02	3.934667115e+01	5.664490218e-01	7.677308961e-01	3.887337219e-02	1.579003254e+03	3.950295923e+01	9.839556971e+00	2.351406908e-01	3.388295830e+00	1.948549459e+00	8.315721785e+00	6.313882142e+00	4.980932470e+00	1.653396665e+00	1.756691602e+02	1.424124891e+02	2.542582007e-01	1.393302179e+02	7.362139145e+03	3.591987436e+03	6.842900640e-01	4.081696472e+00	1.872972722e+00	1.199139650e+01	4.131388815e+01	7.698446119e-01	1.053365774e+02	9.307426694e+02	3.053612735e+02	3.675914444e+00	3.899465143e+04	1.083574159e+03	6.902119294e+01	2.514530883e+01
4.674854256e+01	3.098724006e+00	3.355849919e+01	7.043961979e+00	3.059658711e-04	6.803798471e-04	2.058684832e-02	5.321260617e-03	7.751860550e-03	2.279408275e-01	3.252969951e-02	8.785048603e-02	2.908874856e+02	5.216616603e+01	6.380106323e+00	4.675350907e-01	9.898804700e-02	4.748601273e+02	5.864837531e+03	2.418061759e-01	6.764602532e-01	1.537993445e-01	6.871035955e+02	9.293990520e+00	4.263399090e+00	1.082638001e-01	1.965187067e-02	1.169944287e-01	1.172487664e-01	1.449394196e-02	1.408010460e+02	3.113597483e-01	1.895971743e+02	2.510456262e+02	5.032241453e-02	6.414191499e+01	4.054016374e+03	5.754698447e+02	2.544216188e+00	1.781670320e+01	5.930332788e-01	3.212321476e+00	2.022701226e+01	7.108995852e+00	1.715985948e+01	2.187615882e+02	7.448024197e+01	2.468683467e-01	2.939795681e+03	2.577293218e+02	1.539763166e+02	8.369539551e+01
4.158457851e+02	1.230534848e+01	3.335408180e+01	2.152402526e+01	8.931593202e-04	1.024141485e-03	4.092954660e-02	9.077013012e-03	8.006547404e-02	3.952428234e-01	5.649567046e+00	1.319845060e+00	6.553358053e+02	6.467557776e+01	2.915238731e+01	9.125269546e+00	1.239434660e+01	4.234357429e+02	2.009986319e+02	1.989892408e+00	1.563952649e-01	8.342685224e-01	5.723477577e+03	6.284343978e+02	7.784046319e+00	2.860981323e-01	4.836546826e+00	2.164807865e-01	6.741365398e-01	1.755858111e+00	1.148412391e+02	2.055378147e+00	2.558636216e+02	2.496530070e+02	6.508682085e-02	6.429344936e+00	3.318809140e+03	2.521576611e+03	1.829567857e+01	1.197422289e+02	2.851534882e+00	1.183795994e+02	2.333845090e+02	6.671949531e+00	2.858095988e+02	7.767879563e+02	6.065616093e+01	1.504515240e-01	1.023226333e+04	6.272547366e+02	1.248476606e+02	5.253028971e+01
9.243196333e+01	4.041999257e+00	2.910943843e+01	2.139262108e+01	3.747007534e-03	5.256859346e-04	2.168067144e-02	4.159724470e-02	5.010887954e-02	3.057996131e-01	2.158880762e-02	4.557746550e-01	1.646253801e+03	1.287493816e+02	1.533784742e+01	1.917097761e+02	4.994337459e+01	2.688371289e+02	1.848582160e+02	1.498958266e+00	1.566387131e-01	4.053651639e-01	2.318201754e+02	1.410782255e+01	3.305059272e+00	1.821381892e-01	2.428141640e+00	3.522204550e-01	7.510900641e+00	2.733886971e+02	1.251143576e+02	7.767536834e-01	7.057116193e+02	3.111758611e+02	7.293275935e-02	4.418918732e-01	4.141818190e+02	1.072058147e+03	1.241069012e+00	1.369152091e+01	4.343010753e-01	3.736372155e+01	8.518514718e+01	6.227410231e+00	1.182060119e+03	3.596321332e+02	1.754760309e+03	1.236635673e+01	2.529356044e+03	4.675685837e+01	8.892443083e+01	3.641738884e+01
9.004471021e+00	4.854367705e+00	1.884975961e+01	2.865892016e+01	5.713628085e-03	2.093546043e-05	2.192258695e-02	7.118062385e-02	1.169144622e-01	7.693839345e-02	1.744122982e-01	9.636426240e-01	1.488002072e+03	3.230597586e+01	1.089724675e+02	1.772314650e-01	2.540404735e+00	3.958986528e+01	8.218740712e+00	8.784966281e-01	1.116670696e+01	1.339749397e-01	9.644684155e+02	5.496734523e+00	3.535284288e+00	1.317647910e-01	1.373892114e+00	5.225891466e-01	3.382462945e+00	6.364248656e+00	1.768308733e+01	7.374585615e-02	5.288708677e+01	1.384710265e+02	2.173985390e+00	1.171812292e+02	1.289624893e+03	4.601381440e+02	9.106840303e-02	6.480644236e-01	5.283542089e-01	1.612207886e+00	1.405478297e+02	2.175037350e+00	3.977478075e+00	1.528865411e+03	1.315670086e+02	1.273251446e-02	1.381151769e+04	1.230576578e+03	5.511704214e+01	4.137927542e+03
1.060619590e+01	2.708365003e+00	3.855929649e+01	3.326609590e+00	2.913222207e-03	7.709136789e-04	3.611259146e-02	1.676475023e-02	2.347677899e-02	2.545775258e-01	1.930296318e-01	3.043034006e-01	1.621223736e+02	2.828942556e+02	3.473360123e+01	1.364946185e+01	1.923142728e+00	1.441623023e+02	1.070600725e+02	1.212237915e+00	1.114329365e+00	1.457582579e-02	2.617406026e+02	3.137979962e+01	4.583498603e+00	8.661972798e-01	3.921696598e+00	4.465294754e-01	2.225152401e-01	2.291686033e-02	1.394160845e+02	7.789714243e-01	2.607237393e+01	6.147675242e-01	8.942161209e-02	5.625069154e+00	9.478000933e+03	1.232876531e+03	1.954624693e+01	1.560117358e+02	4.567041476e+00	4.755335248e+01	1.081498023e+02	3.071173840e+01	1.026525780e+02	4.321654236e+02	1.787578595e+02	2.558385122e-01	5.868277943e+03	9.329516158e+02	1.294477703e+02	7.085733218e+01
2.180532269e+02	8.887665443e+00	1.441910003e+01	2.682526974e+01	2.569176403e-03	1.154503708e-03	7.203396194e-03	1.057331501e-01	1.415367701e-01	4.038683606e-01	3.196176298e-01	1.910055411e-01	4.998132714e+02	1.829511487e+02	3.334653437e+01	2.153576839e+01	1.132432644e+00	1.223469582e+02	1.231424813e+03	1.153835127e+00	9.501723920e-01	5.686550409e-01	1.144745673e+03	3.464852101e+01	1.906705147e+00	1.660848592e-01	3.354368701e+00	2.585019622e-01	6.109206856e+00	2.489043076e+02	2.511532998e+01	2.036214821e+00	2.682577312e+02	4.310074387e+02	9.083671487e-02	3.179084368e+01	6.817319243e+03	2.945416025e+03	4.895878884e+00	3.680716733e+01	4.491266233e+00	3.577712022e+01	4.975628429e+02	2.203308668e+02	8.468346821e+01	1.879414664e+03	3.154675572e+02	2.798611763e-01	2.241855660e+04	1.513618322e+03	3.291312410e+01	4.619865621e+01
3.895468294e+01	1.746035335e+00	3.887601869e+01	2.801732437e+01	7.114265585e-04	5.919427732e-04	3.814712869e-02	1.817501130e-03	3.896832081e-02	3.726998076e-01	6.605643260e-02	2.254437283e-01	9.444007758e+01	7.566808382e+01	3.177090916e+01	1.351256458e+00	2.740575675e-01	1.037370099e+02	1.047814042e+02	2.361406016e-01	5.996757661e-02	2.744129227e-01	5.493477575e+03	5.439233265e+01	6.774095742e+00	1.172370263e-01	9.289949380e-01	1.961360869e-01	4.610437377e-01	7.960956623e-01	1.262773302e+02	6.362804424e-01	6.435419957e+02	2.990461586e+03	4.712679754e-01	1.265673124e+02	2.753870930e+03	1.491542352e+03	8.749112919e-01	7.538671603e+00	9.600342987e-01	4.328911925e+00	9.662343075e+00	2.456170772e+00	2.944829860e+01	7.222733743e+02	2.592339776e+02	3.466506598e+01	5.776102496e+03	1.089672288e+03	1.414609847e+02	7.885716855e+01
1.529762457e+02	3.416975142e+00	9.178154437e+00	1.311207023e+01	2.890995515e-03	1.107044712e-03	1.354395076e-01	4.672188135e-03	2.053627491e-01	4.573818575e-02	1.077944362e-01	8.407454438e-01	1.444576894e+03	1.639703590e+02	6.297353282e+01	4.718049390e+01	7.116167879e+00	2.192301831e+02	2.161814807e+02	1.115689896e+00	3.053548184e-01	2.932971890e-03	1.209382937e+03	3.360818900e+01	3.710863661e+00	6.608216616e-01	3.735053570e+00	8.910017794e-01	6.522875895e-01	8.068335041e-01	7.504257570e+01	1.606770293e+00	9.537877417e+01	2.297567372e+01	7.132055523e-02	1.208888691e+01	1.420028308e+04	8.400743516e+03	1.288799664e+01	2.777852822e+01	4.280395151e+00	1.425716170e+01	6.707378034e+01	7.679599391e+00	4.499890321e+01	1.358622351e+03	3.312097842e+02	9.225377844e-02	1.824514502e+04	1.809451568e+03	8.998450658e+01	5.111898849e+01
6.179251964e+00	5.410642596e+00	2.443226786e+01	1.246141549e+01	1.197436391e-03	4.013983519e-04	1.903896963e-03	1.849323341e-03	1.236436108e-01	2.748195120e-01	1.828941522e+01	1.125253430e+00	5.572492994e+02	1.296536672e+02	2.729187944e+01	8.780193305e-01	2.102427764e+01	2.380476789e+02	2.163787727e+00	5.107345820e+00	1.068909745e+00	3.981291442e-01	4.447402156e+02	2.028039794e+01	3.579803711e-01	2.153351252e-01	2.034359341e+00	7.276275668e-01	4.809643534e-01	3.695553882e+02	8.810628790e+01	1.048637076e+00	3.619340353e+02	2.526415396e+02	5.029109985e-02	1.728313964e+01	4.263694322e+03	1.560330030e+03	5.714785119e+00	2.845007636e+01	3.019595613e+00	9.033899600e+01	4.380829404e+01	2.011747188e+01	5.875951651e+01	1.082138659e+03	2.332543407e+02	1.019487734e+00	8.051480885e+03	9.910219299e+02	2.911209693e+01	1.612256992e+01
2.051439863e+01	8.313416912e+00	2.450896761e+01	2.909832227e+01	3.206590614e-03	5.705926066e-05	3.397908396e-02	1.271388456e-01	1.276878390e-01	2.884803121e-02	2.212344888e-01	7.877724833e-01	1.622541510e+02	4.686249307e+02	1.406051486e+02	7.598949011e+00	2.830793728e+01	4.402736970e+00	1.668143719e+02	2.920048005e-01	7.282400364e-01	7.190459919e-01	8.542285913e+03	8.065437589e+01	1.150533933e+01	1.640388849e-01	4.151494691e+00	5.714382228e-01	1.378321616e+00	4.448045063e+00	1.192860280e+01	1.524277536e+00	7.399049618e+02	2.152352957e+02	2.424980217e-01	5.466165870e+01	6.146265775e+03	2.295095245e+03	3.872997702e+00	2.548478866e+01	5.353057426e+00	2.225382041e+01	7.662889458e+01	1.872608665e+00	1.438033081e+03	8.825558021e+02	3.475952730e+02	6.710157556e-01	1.195379486e+04	2.120405460e+03	1.014785113e+02	4.201890401e+01
2.605976893e+01	4.702078659e+00	4.263346655e+01	1.112401729e+01	2.232374289e-03	8.288984405e-04	4.792325532e-02	9.285165430e-04	8.709194459e-03	8.461248737e-01	8.312435497e-01	6.835596434e-01	1.161162524e+02	1.827100163e+02	6.505221383e+01	4.973633048e+00	4.495456532e+00	6.781950604e+02	6.018474130e+02	7.293492227e-01	4.101813975e-01	3.493678580e-01	4.069744635e+02	1.608672903e+01	1.612555437e+00	1.837681063e-01	3.231423464e+00	1.702085423e+00	1.596566162e-01	2.146075731e+00	1.836732963e+02	1.146342772e+00	1.719349786e+02	1.303500383e+03	1.071100223e-01	1.350854778e+01	1.621676716e+04	4.624063577e+02	3.035109506e+00	2.185415573e+01	2.443709638e+00	6.132291303e+00	2.904922496e+01	5.563434204e+00	5.044388888e+01	1.954019038e+03	3.578483696e+02	8.130917984e+00	9.945254299e+04	1.663054023e+03	1.374046995e+02	5.299898674e+01
1.492987415e+01	7.866440622e+00	1.691946741e+01	2.124020805e+01	8.213579182e-03	3.941989612e-05	1.814794560e-02	8.279541914e-02	2.878931931e-01	5.417323198e-01	7.882610978e-02	1.019211723e+00	6.361380956e+03	2.114753243e+01	2.278609325e+02	7.037170275e+00	3.977284909e+00	2.143213200e+01	1.684144465e+01	5.352559660e-01	2.101446475e+00	1.729339107e-01	1.904700351e+03	2.076577962e-01	2.564238275e-01	1.068979012e-01	5.469162513e+00	9.971610406e-01	6.321934144e+00	3.832688361e+01	4.706489865e+01	2.071521605e-02	1.356828251e+01	2.992736154e+01	1.700549610e+00	3.446252291e+02	1.796263637e+03	1.022695755e+03	1.137628409e+00	5.976791247e-01	1.186263225e+00	4.776491217e+00	1.818011733e+02	3.660226940e+00	4.563850685e+00	2.143902514e+03	1.114807221e+02	4.294656499e-01	1.537350229e+04	2.049285041e+03	3.270245647e+01	7.902429626e+01
3.103268144e+01	2.753085853e+00	4.024754349e+01	1.093077315e+01	1.500461401e-03	9.004482654e-04	2.371081694e-02	1.895568056e-02	1.050045814e+00	4.567292875e-01	1.766126197e-01	2.220444513e-02	8.374031583e+02	6.348690013e+01	2.143968354e+01	2.174728444e+01	2.758067519e-02	2.016676519e+02	2.111362433e+01	4.141598621e-01	5.743451757e-01	5.744378804e-02	5.312405666e+02	5.958061166e+01	2.782800961e+00	1.299205951e-01	7.030535755e-01	2.343653289e-01	3.311278775e+00	4.165621869e+00	2.034736651e+02	1.305652989e+00	1.642309340e+03	7.561176549e+01	7.916113310e-02	2.380743925e+01	4.621109874e+03	1.573606243e+03	2.561639760e-01	5.206214890e+00	7.758548026e-01	7.012022976e+00	9.286445505e+01	5.358781459e+00	3.398150215e+01	5.869662481e+02	1.619569434e+02	9.873555711e-02	9.866461164e+03	6.579739224e+02	2.107398743e+02	1.355000909e+02
1.287215327e+02	6.482481233e-01	1.809434361e+01	3.340839131e+01	8.473870496e-03	1.770440307e-03	2.809942220e-02	1.410039370e-03	3.482135305e-02	2.707522109e-01	3.993094039e-01	2.486870101e+02	2.403345801e+03	1.332113838e+02	4.901029090e+00	2.162379439e+00	6.647666809e+00	7.929329328e+01	4.139466577e+03	4.163340819e+00	1.487949479e+00	3.059971991e-01	1.138386609e+03	1.483351231e+00	5.730335855e+00	8.598719097e-01	1.021371681e+01	5.694866922e-01	2.523351611e-01	4.294813508e+01	5.169290098e+01	9.597926248e-01	1.570559073e+02	1.233400193e+02	1.513994856e-01	4.360085391e+02	1.775820971e+04	2.617937290e+03	7.871540096e+00	1.911485491e-01	3.717187024e+00	1.318557160e+01	1.015204444e+02	3.669486493e+01	8.872678588e+01	2.170586182e+03	2.491611231e+02	9.014739310e-01	9.709850883e+03	1.241821063e+03	6.652958939e+01	5.103281982e+00
1.721445095e+01	9.564805483e+00	2.290162533e+01	2.990909970e+01	6.502625096e-03	3.042674093e-04	2.129436780e-02	5.051068564e-02	1.808320787e-01	1.499728498e-01	1.948298741e-01	8.003404028e-01	3.469182255e+03	8.718482453e+01	7.387096107e+01	9.959848068e+00	9.630922259e+00	1.388408568e+02	1.750519098e+01	4.127563085e-01	1.752285284e-02	1.946714198e+00	2.039673246e+03	2.389817146e+00	2.017904132e+01	8.296613014e-01	1.495984858e+00	3.168439452e-01	7.974039201e+00	3.385675806e+01	6.603385360e+00	1.298816393e-01	7.008441952e+01	4.884871683e+01	1.204814598e+00	2.650740171e+02	4.710267154e+02	7.976771029e+02	1.241681595e+01	1.643649915e+01	1.391689824e+00	6.369765267e+00	1.397057643e+02	1.149673095e+01	3.268253570e+01	1.440307881e+03	1.900394415e+02	1.169378565e-01	5.736236313e+04	1.515855831e+03	1.426709088e+01	1.995188223e+01
3.059274046e+01	4.111921673e+00	1.659464858e+01	5.343584659e+00	4.511562608e-03	3.268858209e-04	9.057381940e-03	5.069021166e-02	1.469345304e-01	2.375311990e-01	2.801003690e+00	7.263408365e-01	2.256318520e+03	3.156467059e+02	1.665274650e+02	2.399336930e+00	1.771464136e-01	3.170990367e+02	9.024039441e+01	2.439605832e+00	1.690430123e+00	1.326128101e+00	3.099382092e+02	2.273125614e+01	3.229765471e+00	1.790763158e-01	1.161488479e+00	4.192774302e-01	8.382336217e+00	8.531223467e+00	1.222561474e+01	7.048714659e-01	1.889287822e+03	5.453582992e+01	6.211122478e-02	1.143411421e+01	3.113121469e+02	1.648824433e+03	1.517790218e+00	3.455509018e+00	4.983091935e+00	1.105740967e+02	1.032239266e+02	1.722667741e+01	7.026726094e+01	1.586377151e+03	4.026662958e+02	2.851443543e-01	1.016602044e+04	2.072016275e+03	2.464300933e+01	4.803962111e+01
1.169871140e+01	4.038860875e+01	5.017669764e+01	2.511657936e+01	2.602795951e-03	6.503755605e-04	3.294149979e-02	4.076251484e-02	8.194389077e-02	2.183325450e-01	7.619752280e-02	5.508339457e-01	2.915125924e+02	1.521145745e+02	6.153935967e+01	4.279587507e+00	3.677423695e+00	1.307906774e+02	8.494639016e+01	8.249610123e-01	1.058584603e+00	1.045571407e+00	7.949237917e+02	4.254698000e+00	1.220157007e+00	1.366942729e-01	1.268849710e+00	5.319034355e-01	1.860435603e-01	2.775514810e+00	1.683755064e+02	1.004999330e+00	8.130697417e+01	3.185030398e+01	4.693329605e-01	3.718548003e+01	7.439680843e+03	3.418919540e+03	6.619829259e-01	1.046371435e+01	3.208826467e+00	4.866262051e+00	7.602501061e+01	7.800183931e+01	6.937545157e+01	1.323859132e+03	4.509797506e+02	7.255783305e-01	2.730366640e+04	1.789391984e+03	5.505003646e+01	3.415643891e+01
7.282958849e+01	3.371500862e+00	4.218471461e+00	9.801219097e+00	2.504626066e-03	7.546087038e-04	1.458249036e-02	1.748985105e-02	4.609770766e-02	8.382444901e-01	1.056574711e-01	9.200322986e-01	1.634030533e+03	2.367219795e+02	9.010553050e+01	5.606127101e+01	2.038543898e+01	3.268101736e+02	8.370244406e+01	5.174618866e-01	3.303194697e-01	1.727021673e+00	3.780513834e+04	3.993730192e+01	1.051861705e+00	1.945793950e-01	5.296099956e+00	3.166778256e-01	3.189015417e-01	1.097819938e+01	6.353727385e+01	6.849652309e-01	5.061064631e+02	8.884367737e+01	5.133587532e-02	2.828589665e+01	5.514050662e+03	3.176097999e+04	1.579918247e+01	7.572745527e+01	3.994649458e+00	4.737913959e+00	1.100074040e+02	3.445339523e+00	1.670405962e+02	1.534994595e+03	2.777740934e+03	3.948431492e+00	1.496117187e+04	1.978961898e+03	3.683428249e+01	4.963449908e+01
3.158303743e+01	2.839567456e+00	4.691248444e+01	1.417007656e+00	1.793023835e-03	6.890613466e-04	1.088325543e-01	3.978577305e-03	4.022082432e-03	3.243986674e-01	3.069396826e-01	1.768542719e-01	8.276264255e+02	1.548722508e+02	3.353196752e+01	4.016764760e+00	4.395225197e+00	2.600621656e+01	4.323527266e+02	1.751130428e-01	1.888287513e-01	2.257479976e-01	9.746990350e+02	1.948022235e+01	3.145645154e+00	1.439345269e-01	8.370327518e-02	6.841758986e-02	5.394241394e+00	2.430670158e+00	1.654001296e+02	8.390042513e-01	7.080287071e+02	1.588547587e+00	6.625716303e-02	3.326839414e+01	5.207179901e+03	2.692408590e+03	1.047947356e+00	1.340763723e+01	2.019338385e+00	1.906898041e-01	2.471398039e+01	8.139503927e+00	2.282910630e+01	1.151450363e+03	4.025327425e+02	5.461117455e-02	3.406173407e+04	1.163765799e+03	1.616066582e+02	8.173493622e+01
3.558169937e+01	1.236339297e+00	1.770710727e+00	2.186563941e+01	4.537574971e-03	7.316161412e-05	1.482072786e-02	3.490707448e-02	6.062999029e-02	5.192126655e-01	6.354009686e-02	9.350005160e-01	5.599396431e+01	1.140023262e+02	1.740033385e+02	6.477991439e+00	6.500820642e+00	7.252734286e+01	5.999768014e+01	7.525500389e-01	2.034958773e+00	3.440718343e-01	2.107007687e+03	1.048471355e+00	3.673504689e+00	4.837903653e-03	2.623810744e+00	5.031984277e-02	5.240021285e-02	5.928228085e+00	5.597853115e+01	4.686445581e-01	1.872663634e+02	2.352136319e+02	3.616016094e+00	6.648709369e+01	1.079889453e+02	1.377971023e+03	6.332913365e-01	1.449981949e+01	1.628957409e+00	7.182023537e+00	1.467448930e+03	3.612426671e+01	7.988560588e+01	1.693230909e+03	2.611575873e+02	3.416569424e-01	1.416591347e+04	1.346404230e+03	4.578314145e+01	1.274326388e+01
1.925986523e+01	1.109945142e+00	9.633390107e+00	8.297140126e+00	8.820962903e-03	1.138955253e-03	4.630659264e-02	1.009431868e-01	1.762030838e-01	2.792132096e-01	4.692766886e-01	4.056488734e-01	3.195842777e+02	2.767319872e+02	1.005982167e+02	5.625179429e+01	7.259610208e+00	6.237270713e+02	2.210595668e+02	2.974132065e+00	4.022161527e+00	2.146113546e-01	8.139703618e+03	1.555445368e+02	4.101592065e+01	2.670539109e-01	3.114205789e+00	7.472358084e-01	5.157166258e+00	1.230074448e+02	3.205350185e+01	2.298153972e-02	1.956083655e+02	7.180586425e+01	1.636730606e-01	1.501435967e+01	2.469510529e+02	3.175573920e+03	1.633161586e+00	8.283999212e+00	9.059640813e+00	3.529694662e+01	6.593970408e+01	4.975649587e+01	7.159723711e+01	3.358983268e+03	4.530312155e+02	1.255130715e+00	2.546890088e+04	2.500391243e+03	4.064117617e+01	4.191830039e+01
1.768445119e+02	1.945508265e+00	3.057133216e+01	2.731489308e+00	9.710742965e-03	2.996721910e-04	2.067569701e-02	5.065484225e-02	7.230876480e-01	4.689204113e-01	1.859125916e-01	7.329467878e-01	1.346349205e+03	6.192408667e+02	1.480680407e+02	3.161604934e+01	1.672062559e+01	1.268276409e+02	2.827950246e-01	7.360615897e+00	1.172314253e+00	4.453963234e-01	1.076354411e+03	5.932381285e+00	4.120935458e-01	4.950220545e+00	2.091106719e+00	8.882492299e-01	3.802050798e-01	1.216970794e+01	3.529706021e+01	1.785598168e+00	5.667916824e+02	6.880681154e+01	9.404346150e-02	1.952666355e+01	3.396859522e+03	2.749588066e+03	1.381244442e+00	3.439548488e+01	6.015483369e+00	2.057372668e+01	8.552283128e-01	3.279958741e+00	7.407151980e+01	1.575641124e+03	2.532343022e+02	2.143598684e-01	9.420610603e+03	1.714532973e+03	5.720169971e+01	1.417393382e+01
1.027051150e+02	4.157691104e+00	3.181862087e+01	1.042290516e+01	2.987575884e-03	7.496425716e-04	5.833252016e-02	4.599416115e-03	1.267931343e-02	2.694855079e-01	2.670245849e-02	2.216773396e-01	9.604815586e+02	4.934335900e+01	3.586197486e+01	1.144247158e+01	1.028830895e+01	1.926452856e+01	1.735989945e+02	7.148589974e-02	1.652059455e+00	3.882067163e+00	1.512992601e+03	1.765023901e+01	2.514527554e+00	6.854534272e-02	1.699789775e+00	1.822938636e+00	1.332253794e+00	2.519793651e+00	1.260981895e+02	8.257134199e-01	1.574152460e+02	3.681007044e+02	9.553736086e-01	2.621916486e+02	3.858845182e+02	9.944843204e+02	2.762982062e+00	1.990780381e+01	3.647019769e+00	1.241152638e+01	1.699227426e+01	2.378838923e+01	3.638530193e+01	6.594388661e+02	2.191343024e+02	6.860932812e-02	1.786579557e+04	1.039512945e+03	1.223990803e+02	4.810139137e+01
4.213104823e+00	4.419952845e+00	1.613308166e+01	9.966427359e+00	6.515763986e-04	8.643600679e-04	2.858895282e-02	8.753834466e-02	1.575316103e-01	3.309155843e-01	7.504368830e-01	3.626631115e-01	5.801734258e+03	5.299349649e+01	3.356117367e+01	6.350410718e+00	6.903750455e+00	2.265940738e+01	3.673874004e+02	1.386394899e-01	1.471245992e-01	6.839745955e-01	2.243470501e+03	1.106540937e+03	6.214334393e-02	4.146156417e-03	4.487926429e+00	1.746483176e-01	2.248652488e+01	1.118978354e+02	6.899843835e+00	1.569223665e+00	2.801354029e+01	3.596940114e+01	8.691061785e-02	1.316859650e+01	1.811461036e+04	1.240201823e+03	1.454206052e+00	2.608292280e+00	5.294057701e-01	1.279055104e+01	7.220626708e+01	2.148585469e+02	1.294737757e+02	3.766196364e+02	9.978308609e+01	3.931886699e-02	1.165842550e+04	1.017903856e+03	7.120358561e+00	4.061349568e+01

 Scaled (in input direction) absolute effects:
Yield:
1					2					3					4					5					6					7					8					9					10					11					12					13					14					15					16					17					18					19					20					21					
22					23					24					25					26					27					28					29					30					31					32					33					34					35					36					37					38					39					40					41					
42					43					44					45					46					47					48					49					50					51					52
3.007409793e+01	1.626511959e+00	3.823620106e+02	4.578984192e+01	3.950256072e+01	1.382311806e+02	7.870491451e+00	3.235105785e+01	4.653067801e+01	1.857423511e+01	3.004422748e+01	1.916544925e+01	7.810731044e+01	4.193789674e+02	4.479584688e+01	4.578880113e+01	5.514385661e+01	7.103226804e+01	6.705105195e+01	8.473551102e+01	2.438869872e+01	5.944804708e+01	1.100978931e+02	1.376278356e+02	2.994465011e+01	1.883559408e+02	1.592682701e+01	2.310697776e+02	4.567547428e+02	5.531012307e+02	5.008897484e+02	2.428945997e+03	7.181377123e+02	3.899842589e+02	2.287273614e+02	2.581220640e+02	1.573288408e+02	4.828894034e+01	9.312625015e+01	1.524919547e+01	5.523255080e+01	1.324341279e+01	1.929156737e+01	1.663504941e+01	1.249832775e+01	6.212054097e+01	2.154566404e+02	1.540105411e+01	4.914944211e+01	2.350482828e+02	2.680946183e+02	1.445856552e+02
2.784467112e+02	1.175070307e+03	2.963905150e+02	8.063390382e+00	6.022391312e+01	1.921806278e+02	5.212863046e+01	1.750213436e+02	8.024093195e+00	6.519744423e+01	1.909608052e+01	5.584596865e+01	7.899102273e+01	4.928127250e+02	1.717380323e+02	6.292777140e+00	5.915291801e+00	2.739607069e+00	4.173379374e+00	3.498120200e+01	4.348803174e+00	3.333678581e+01	4.124004293e+01	4.089596296e+00	3.691396690e+01	5.006502382e+01	9.014575271e+00	7.531498697e+00	2.496275002e+00	1.086120353e+01	3.456653362e+02	5.194859380e+01	3.502866799e+01	6.879135193e+00	3.730736315e+01	2.683540682e+00	2.097739560e+01	6.205946151e+01	9.125605340e+00	1.124603473e+01	5.374520594e+01	9.929147054e+00	7.007496427e+00	2.471868228e+01	3.413244186e-02	5.463125078e+01	1.678003900e+02	9.590726480e+00	3.487031192e+01	2.043778467e+02	3.830327152e+02	1.500756604e+02
1.135479637e+00	3.224960249e+01	4.374954683e+02	3.347092099e+01	1.088308860e+02	1.465830803e+02	6.184268232e+01	3.680560613e+01	1.654627888e+01	7.316364373e+01	2.201334498e+01	5.254198784e+01	3.122637499e+01	3.483605511e+02	1.178102784e+02	4.625868089e+00	6.039595140e+00	6.244032496e+00	1.899655391e-01	1.668864557e+00	1.949690616e+01	3.496022143e+01	8.259752270e-02	5.979815145e+00	5.998429233e+00	1.068373703e+00	8.231754611e+00	2.381248802e-01	9.609842575e+00	4.777648309e+00	7.727619026e+02	5.566275091e+01	4.792007307e+00	2.093089129e+00	1.663497637e+01	2.929285284e+02	7.284976622e+01	7.432816378e+01	2.587954653e+01	7.755849946e+00	3.970510115e+01	1.515230505e+01	1.286819243e+01	6.805084587e+00	1.633512220e-01	9.890322867e+01	2.313370659e+02	1.671652964e+00	5.782081607e+01	2.896176954e+02	6.048436226e+02	2.241479396e+02
4.469142113e+01	5.799378640e+01	3.349513633e+02	1.886027797e+01	3.210396021e+02	4.240541885e+01	4.698604795e+01	7.898186883e+01	2.867131272e+01	6.464274793e+01	5.613981994e+01	2.363730729e+01	1.398594660e+02	1.673364634e+01	2.625163687e+02	6.252659439e-01	3.901852595e+01	2.413464845e+01	2.348939520e+01	3.393470083e+01	6.215321231e+01	5.382744369e+01	3.364312934e+01	3.343323059e+01	1.759895753e+00	1.775717380e+01	1.402490387e+00	3.197239228e+01	2.923624177e+02	1.595546663e+02	4.261571838e+02	1.655595905e+01	6.115672731e+01	2.508205404e+01	4.499369521e+02	7.857154180e+02	2.351082192e+01	1.406250375e+01	3.471460872e+01	6.399762300e+01	2.019260335e+01	4.500419402e+00	1.157231542e+01	5.491899411e+01	5.206578331e+00	1.269854401e+02	6.185653989e+01	1.002214591e+01	8.375690225e+01	1.300036035e+02	2.906965829e+01	2.467030616e+02
2.282475194e+00	1.407954307e+01	3.784124271e+02	2.769389210e+01	9.408564759e+01	1.310044587e+02	7.248782164e+01	1.648503193e+01	1.883828896e+01	6.219556374e+01	3.523170164e+01	3.627612871e+01	1.818109312e+01	2.967092319e+02	1.426775610e+02	1.230337180e+01	1.488647193e+01	2.027496643e+00	1.974378649e+00	2.621365827e+01	6.144360594e+00	2.435782291e+01	8.173090874e+00	2.252717187e+00	7.339441194e+00	1.416415883e+01	5.534979033e+00	2.301879341e+01	3.585367798e+00	9.248017117e-01	5.762998352e+02	7.617511196e+00	9.188811575e+00	1.056613935e+01	1.474274718e+01	2.532178057e+01	3.855265403e+01	8.397200678e+01	5.085486454e+00	8.407526693e+00	3.822805289e+01	1.533736373e+00	1.956739376e+01	1.047123184e+01	1.281363868e+01	8.322155232e+01	1.907982497e+02	3.793188945e+00	3.055810520e+01	8.652226778e+01	5.025615537e+02	1.582314488e+02
3.027050223e+01	2.433012291e+01	1.359268233e+02	1.490050952e+02	1.632582228e+02	2.872559532e+02	1.084130679e+02	7.212973586e+01	1.123231213e+02	3.728739043e+01	4.749351465e+01	2.179747990e+02	5.128649042e+01	7.372702385e+02	1.154984949e+02	2.172552340e+00	9.483354685e+01	5.708293007e+01	3.517939161e+01	8.813123390e+01	6.865294708e+01	3.045295472e+01	4.482635391e+00	2.977586471e+00	5.630011445e+01	7.599481338e+01	1.173980715e+01	1.462887036e+01	2.498806695e+01	5.487037941e+01	1.448253079e+02	6.497633656e+01	2.510000558e+01	3.122467595e+01	4.320661157e+01	5.999384665e+01	2.653324689e+01	1.824684790e+02	3.851174387e-01	4.016146311e+01	1.017757520e+02	3.082794470e+01	4.805571756e+01	1.211757650e+01	2.073182647e+01	2.309227505e+02	3.357047273e+02	3.309753592e+01	6.314881784e+01	1.419511705e+02	1.828302641e+02	4.519597128e+01
3.764917632e+00	8.295857017e-01	3.796960315e+02	2.417626565e+01	5.863768521e+01	8.520994670e+01	4.136281009e+01	1.485057284e+00	4.071217862e+00	5.270137133e+01	2.922092310e+00	3.549486526e+00	3.804150010e+01	3.891449216e+02	1.127392664e+02	2.977929618e+00	1.269821131e+01	1.377933669e+00	3.167657283e+01	2.208339936e+01	3.873473939e+01	1.010239058e+01	1.956514774e+01	2.426863114e+01	8.908512851e-01	1.292723445e+02	8.377694545e-01	2.947813463e+02	1.220271690e+03	1.145886825e+02	4.911944572e+02	1.597193315e+02	2.346209312e+01	2.655590481e+00	4.308995346e+01	4.089075552e+02	4.419036731e+01	6.482014805e+01	2.141823133e+01	1.133192341e+01	6.306211313e+01	2.625819996e+01	1.443892671e+01	2.082788475e+01	1.549799256e+01	1.101213570e+02	2.021226080e+02	1.314960851e+01	7.306763447e+01	2.559967245e+02	3.858110669e+02	1.437941245e+02
5.728851400e+01	1.400542414e+02	2.380664592e+02	1.393711339e+01	7.813009719e+01	1.752324399e+02	6.836988359e+00	9.611524508e+01	1.551557135e-02	3.783070598e+01	4.053201544e+01	1.592918937e+00	5.086500715e+01	5.170973454e+02	2.460916572e+02	1.719805477e+01	2.877318097e+00	2.105248223e+01	1.744194945e+01	1.635852735e+00	1.088570741e+01	2.193314542e+00	1.860329714e+01	1.994829104e+01	1.598675392e+00	5.397922964e+00	6.202868777e+00	1.911840612e+01	7.616676777e+00	4.403857919e+01	3.742871687e+02	5.165677670e+01	3.094241760e+01	9.512345229e+00	3.301815985e+01	5.915112071e+01	4.262700768e+00	5.446378162e+01	8.946437218e+00	8.154862182e+01	1.304117572e+02	6.765748839e+00	8.814382929e+00	7.805315622e+01	1.255839492e+01	1.231396605e+02	9.184027444e+01	2.888677956e+02	9.946465076e+01	6.094301189e+02	3.081974573e+04	1.229402411e+02
2.195054649e+01	3.279080461e+01	3.541439509e+02	8.745979089e+01	2.072371991e+02	1.010501439e+02	1.071433287e+02	8.472610872e+00	2.169624058e+01	1.079534462e+02	5.730312266e+01	2.336954223e+02	8.616629618e+01	4.580799431e+01	8.744524703e+02	1.009829325e+03	3.155758902e+02	1.230277499e+02	3.764951482e+01	2.511639388e+02	3.950972578e+01	7.405037013e+01	8.540522317e+01	9.188093196e+00	1.455134808e+01	3.579874371e+01	4.323052910e+00	2.433669070e+00	3.066651018e+01	2.188209268e+01	6.622885477e+02	5.763930942e+01	3.363205902e+01	2.782517600e+01	4.223499698e+01	1.600256371e+01	1.019688287e+02	8.180912562e+01	1.929544542e+01	3.019190706e+01	2.202796812e+01	3.867846998e+01	1.102317342e+01	2.411654599e+01	2.710230354e+01	1.954257430e+02	4.177781366e+02	6.505444122e+00	5.608474686e+01	4.238350531e+02	2.615102663e+02	9.892313123e+01
6.762142022e+01	4.552535400e+01	2.374161751e+02	8.605176355e+01	2.873620523e+02	2.693796076e+00	6.318492928e+01	1.847890075e+02	1.032639656e+02	1.470515223e+02	2.024107958e+01	2.166911082e+02	4.863500004e+01	7.292357929e+02	5.305331253e+02	3.184700647e+01	2.538940123e+01	1.975048192e+00	2.492205040e+01	6.888019226e+00	4.025745560e+01	1.220781992e+02	2.652598373e+00	2.149581674e+01	5.334251295e+01	1.443071735e+03	8.550079646e+00	8.537377606e+01	3.211711423e+02	1.118649036e+03	7.169506127e+02	7.466501890e+00	3.119792106e+00	3.879246858e+01	2.097899476e+02	1.561702499e+03	1.161612310e+01	1.261309352e+02	5.705955070e+00	9.416996145e-01	1.178137967e+02	5.668236721e+00	1.631236518e+01	1.772435441e+01	2.718413472e+00	2.342852095e+02	4.140246438e+02	3.243122355e+00	9.710504192e+01	4.643537159e+02	1.969522662e+02	1.439641398e+02
9.472536458e-01	5.202405492e+01	3.366596608e+02	7.113780383e+01	1.314619877e+02	1.136925481e+02	3.542781505e+01	3.822924333e+01	4.942045650e+01	3.106022099e+02	5.315463087e+01	1.351172633e+02	1.061167812e+01	3.517012180e+02	2.965665345e+02	2.990294651e+00	1.911141855e+01	7.005743052e+00	4.546241204e+00	5.419732586e+01	3.047794288e+00	3.908802278e+01	9.563723574e+00	2.312033042e+00	1.408392669e+01	2.419135223e+01	8.472016067e+00	2.009699608e+01	7.358209003e+00	1.822437534e+01	4.440002605e+02	4.643592702e+01	3.162870542e+01	1.532228394e+01	3.660657791e+01	2.874107747e+01	1.351455235e+01	1.333853463e+02	4.365819357e+01	2.876477678e+02	1.349351034e+03	1.007193669e+02	6.294555200e+01	1.711139420e+01	2.599299479e+00	8.333389713e+01	2.063792524e+02	1.803104774e+01	4.246438638e+01	2.401379778e+02	4.592845059e+02	9.390407955e+01
1.075216181e+01	9.740504518e+01	4.392754971e+02	6.995430140e+00	3.350528122e+02	4.182787306e+01	2.717749970e+01	1.511681120e+02	8.869901908e+01	8.175061018e+01	8.255563265e+00	1.141752758e+02	7.837841140e+01	1.187189212e+02	6.860728072e+02	1.291422966e+01	4.683889437e+00	1.198149226e+01	6.816937451e+00	3.221438210e+00	1.317903377e+02	3.973569042e+01	6.456502014e+00	1.277184275e+01	3.664195793e+00	1.212910850e+01	3.921285677e+00	2.681164235e+01	8.596524315e+01	6.101300009e+01	1.116538425e+02	3.350211825e+00	5.920933234e+00	3.421088577e+00	5.976822995e+02	1.362100913e+03	1.487467865e+00	1.548684193e+01	3.065972323e+00	2.935709133e+00	1.227815799e+01	2.462074376e+00	2.440473301e+01	4.397483487e+00	1.300880444e+00	9.395351677e+01	9.888168122e+01	6.711887210e+00	5.263015982e+01	1.669355492e+02	1.919242761e+02	5.075038258e+01
9.130131077e-01	2.699859464e+01	3.539820632e+02	4.447753082e+00	3.094885691e+01	6.184004071e+01	3.738339309e+01	1.716619891e+03	1.058847164e+02	3.641894877e+01	3.329240685e+01	3.011097196e+01	4.996025840e+01	2.338497768e+02	3.346542664e+01	1.715318087e+00	3.508159279e+00	3.096360882e+00	9.166279927e+00	4.324523243e+00	3.370807035e+00	9.483567268e+00	3.946226704e+00	2.165991769e+01	3.945434710e+00	1.466525162e+01	4.734439039e+00	2.886319325e+01	1.080217260e+01	3.423771206e+02	3.768784559e+02	7.757960278e+01	1.984754570e+00	2.107601521e+01	7.668782887e+01	3.570760417e+01	7.498665437e-01	6.028873043e+01	4.745517118e+00	4.479455649e-01	3.733369226e+01	1.077996264e+01	4.050722681e-02	1.341449963e+01	1.309038333e+00	4.271132901e+01	1.807137126e+02	1.235666567e+01	4.332226749e+01	1.154257956e+02	3.349123871e+02	1.560160934e+02
3.921688948e+01	1.838994985e+01	2.837344380e+02	2.514570836e+01	9.837479546e+01	1.056172215e+02	6.860305974e+01	5.718111605e+00	2.220853947e+01	7.270708842e+01	1.022606118e+01	6.038860093e+01	3.393024828e+01	5.092701282e+02	2.235338040e+02	2.363047627e+04	9.879363020e+02	6.558674542e+01	4.415635381e+01	2.703405217e+01	3.903594664e+01	1.577286062e+01	1.843533793e+01	6.429395872e+00	1.204968960e+01	1.104615911e+01	1.549414538e+01	1.437218535e+01	1.112368634e+01	1.246758124e+01	4.379000143e+02	1.172772466e+02	4.262009757e+01	4.112536567e+01	2.481021199e+00	1.692027909e+02	1.597813139e+02	9.939600847e+02	1.845327975e+02	9.311419905e+01	6.386879751e+01	4.594578409e+01	2.296033239e+01	1.836089923e+01	3.480513000e+01	8.398791437e+01	1.798095843e+02	1.215496505e+01	6.880346606e+01	1.788776342e+02	4.507052876e+02	1.591484238e+02
1.429012501e+01	8.361715294e+00	3.117221835e+02	1.487549117e+01	7.439757658e+01	9.896223221e+01	1.678969352e+02	2.008578155e+01	3.584240997e+01	4.342316024e+01	6.482543402e+00	1.888890706e+01	1.526379662e+01	1.965394166e+02	9.383609627e+01	1.277731097e+01	1.009310479e+01	2.354170516e+01	1.801665051e+01	2.296816866e+01	5.243076168e+01	1.351232218e+02	4.067506090e+02	2.943332204e+02	7.869652010e+00	8.629909018e+01	9.882991172e+00	2.342287257e+00	1.877838746e+00	1.048288261e+01	5.875093378e+02	3.643751452e+01	1.403269004e+01	1.742542018e+01	1.430622566e+02	1.514502881e+02	1.391829164e+01	3.079752116e+01	2.668241500e+01	5.805094957e+01	3.379919673e+01	7.530417048e+00	1.407717669e+01	2.748222633e+01	2.272629049e+03	2.356768111e+02	7.154459755e+01	1.867164527e+01	2.507446443e+01	1.787081459e+02	5.673692278e+02	2.165080760e+02
4.719034814e-01	3.478677140e+01	2.164301136e+02	1.958241509e+01	7.560326159e+01	1.194114711e+02	2.879200475e+01	2.712448758e+01	8.592574515e+00	4.236446421e+01	1.960204771e+01	8.268206748e+01	9.822107209e+02	4.214793694e+02	3.668396562e+01	2.760085756e+01	2.391966741e+01	3.236603277e+01	3.934667115e+00	1.982571576e+01	3.070923584e+01	3.498603498e+00	2.368504880e+01	2.962721942e+01	1.967911394e+01	3.291969671e+01	1.355318332e+01	9.742747293e+01	1.663144357e+02	8.839434999e+01	1.992372988e+01	1.322717332e+02	1.405353281e+01	1.566537381e+01	7.627746021e+01	3.761915884e+02	6.478682447e+01	1.472714849e+02	4.160483589e+00	3.559239323e+00	3.722720582e+01	1.379010597e+01	9.915333155e+00	8.263512064e-01	1.959260340e+01	8.376684024e+01	2.442890188e+02	7.351828889e+01	1.754759314e+02	1.950433486e+02	2.215580293e+02	5.695412450e+01
7.012281383e+00	3.098724006e+01	3.355849919e+02	1.408792396e+01	1.223863484e+01	1.360759694e+02	4.117369664e+01	1.064252123e+01	2.790669798e+00	4.558816551e+01	3.252969951e+00	8.785048603e+00	1.454437428e+01	1.304154151e+02	1.914031897e+01	9.350701813e-01	2.019356159e-01	4.748601273e+01	5.864837531e+02	8.463216157e+00	2.705841013e+01	1.384194100e+01	1.030655393e+01	6.970492890e+00	8.526798179e+00	1.515693201e+01	7.860748266e-02	5.849721433e+00	2.344975329e+00	2.029151875e-01	5.632041839e+02	2.490877986e+01	1.516777395e+01	2.761501888e+01	1.509672436e+01	1.731831705e+02	3.567534409e+01	2.359426363e+01	1.546883443e+01	1.553616519e+01	1.178712945e+01	3.694169698e+00	4.854482943e+00	7.630796148e+00	3.191733862e+00	1.968854294e+01	5.958419358e+01	4.937366934e+00	1.322908056e+01	4.639127793e+01	4.942639764e+02	1.895700708e+02
6.237686776e+01	1.230534848e+02	3.335408180e+02	4.304805052e+01	3.572637281e+01	2.048282969e+02	8.185909320e+01	1.815402602e+01	2.882357065e+01	7.904856467e+01	5.649567046e+02	1.319845060e+02	3.276679026e+01	1.616889444e+02	8.745716192e+01	1.825053909e+01	2.528446707e+01	4.234357429e+01	2.009986319e+01	6.964623426e+01	6.255810595e+00	7.508416702e+01	8.585216365e+01	4.713257983e+02	1.556809264e+01	4.005373853e+01	1.934618731e+01	1.082403933e+01	1.348273080e+01	2.458201355e+01	4.593649565e+02	1.644302518e+02	2.046908973e+01	2.746183077e+01	1.952604625e+01	1.735923133e+01	2.920552043e+01	1.033846411e+02	1.112377257e+02	1.044152236e+02	5.667710732e+01	1.361365393e+02	5.601228215e+01	7.161670626e+00	5.316058537e+01	6.991091607e+01	4.852492874e+01	3.009030479e+00	4.604518501e+01	1.129058526e+02	4.007609906e+02	1.189811062e+02
1.386479450e+01	4.041999257e+01	2.910943843e+02	4.278524216e+01	1.498803014e+02	1.051371869e+02	4.336134288e+01	8.319448939e+01	1.803919664e+01	6.115992262e+01	2.158880762e+00	4.557746550e+01	8.231269006e+01	3.218734540e+02	4.601354226e+01	3.834195521e+02	1.018844842e+02	2.688371289e+01	1.848582160e+01	5.246353930e+01	6.265548525e+00	3.648286475e+01	3.477302630e+00	1.058086691e+01	6.610118545e+00	2.549934648e+01	9.712566559e+00	1.761102275e+01	1.502180128e+02	3.827441760e+03	5.004574303e+02	6.214029467e+01	5.645692955e+01	3.422934472e+01	2.187982780e+01	1.193108058e+00	3.644800007e+00	4.395438404e+01	7.545699591e+00	1.193900624e+01	8.632168172e+00	4.296827978e+01	2.044443532e+01	6.684502142e+00	2.198631820e+02	3.236689199e+01	1.403808247e+03	2.473271345e+02	1.138210220e+01	8.416234506e+00	2.854474230e+02	8.248538573e+01
1.350670653e+00	4.854367705e+01	1.884975961e+02	5.731784033e+01	2.285451234e+02	4.187092086e+00	4.384517391e+01	1.423612477e+02	4.208920639e+01	1.538767869e+01	1.744122982e+01	9.636426240e+01	7.440010360e+01	8.076493964e+01	3.269174025e+02	3.544629299e-01	5.182425658e+00	3.958986528e+00	8.218740712e-01	3.074738198e+01	4.466682785e+02	1.205774457e+01	1.446702623e+01	4.122550892e+00	7.070568576e+00	1.844707075e+01	5.495568455e+00	2.612945733e+01	6.764925890e+01	8.909948119e+01	7.073234930e+01	5.899668492e+00	4.230966942e+00	1.523181291e+01	6.521956169e+02	3.163893189e+02	1.134869906e+01	1.886566390e+01	5.536958904e-01	5.651121773e-01	1.050156826e+01	1.854039069e+00	3.373147913e+01	2.334685092e+00	7.398109220e-01	1.375978870e+02	1.052536069e+02	2.546502892e-01	6.215182963e+01	2.215037840e+02	1.769257053e+02	9.372405883e+03
1.590929386e+00	2.708365003e+01	3.855929649e+02	6.653219181e+00	1.165288883e+02	1.541827358e+02	7.222518292e+01	3.352950046e+01	8.451640435e+00	5.091550516e+01	1.930296318e+01	3.043034006e+01	8.106118678e+00	7.072356390e+02	1.042008037e+02	2.729892370e+01	3.923211165e+00	1.441623023e+01	1.070600725e+01	4.242832701e+01	4.457317460e+01	1.311824321e+00	3.926109040e+00	2.353484972e+01	9.166997207e+00	1.212676192e+02	1.568678639e+01	2.232647377e+01	4.450304803e+00	3.208360446e-01	5.576643380e+02	6.231771395e+01	2.085789915e+00	6.762442767e-02	2.682648363e+01	1.518768672e+01	8.340640821e+01	5.054793778e+01	1.188411813e+02	1.360422336e+02	9.077451637e+01	5.468635536e+01	2.595595255e+01	3.296597999e+01	1.909337951e+01	3.889488813e+01	1.430062876e+02	5.116770244e+00	2.640725074e+01	1.679312908e+02	4.155273426e+02	1.604918574e+02
3.270798404e+01	8.887665443e+01	1.441910003e+02	5.365053948e+01	1.027670561e+02	2.309007415e+02	1.440679239e+01	2.114663002e+02	5.095323723e+01	8.077367212e+01	3.196176298e+01	1.910055411e+01	2.499066357e+01	4.573778718e+02	1.000396031e+02	4.307153678e+01	2.310162593e+00	1.223469582e+01	1.231424813e+02	4.038422944e+01	3.800689568e+01	5.117895368e+01	1.717118510e+01	2.598639076e+01	3.813410293e+00	2.325188029e+01	1.341747480e+01	1.292509811e+01	1.221841371e+02	3.484660307e+03	1.004613199e+02	1.628971857e+02	2.146061849e+01	4.741081825e+01	2.725101446e+01	8.583527794e+01	5.999240934e+01	1.207620570e+02	2.976694362e+01	3.209584991e+01	8.926840765e+01	4.114368825e+01	1.194150823e+02	2.365031525e+02	1.575112509e+01	1.691473197e+02	2.523740457e+02	5.597223526e+00	1.008835047e+02	2.724512979e+02	1.056511283e+02	1.046399563e+02
5.843202442e+00	1.746035335e+01	3.887601869e+02	5.603464873e+01	2.845706234e+01	1.183885546e+02	7.629425737e+01	3.635002260e+00	1.402859549e+01	7.453996152e+01	6.605643260e+00	2.254437283e+01	4.722003879e+00	1.891702095e+02	9.531272748e+01	2.702512915e+00	5.590774378e-01	1.037370099e+01	1.047814042e+01	8.264921056e+00	2.398703065e+00	2.469716304e+01	8.240216363e+01	4.079424949e+01	1.354819148e+01	1.641318368e+01	3.715979752e+00	9.806804345e+00	9.220874755e+00	1.114533927e+01	5.051093208e+02	5.090243539e+01	5.148335966e+01	3.289507744e+02	1.413803926e+02	3.417317434e+02	2.423406419e+01	6.115323643e+01	5.319460655e+00	6.573721638e+00	1.908164172e+01	4.978248714e+00	2.318962338e+00	2.636453707e+00	5.477383540e+00	6.500460369e+01	2.073871821e+02	6.933013197e+02	2.599246123e+01	1.961410119e+02	4.540897610e+02	1.786114868e+02
2.294643685e+01	3.416975142e+01	9.178154437e+01	2.622414047e+01	1.156398206e+02	2.214089425e+02	2.708790152e+02	9.344376271e+00	7.393058966e+01	9.147637151e+00	1.077944362e+01	8.407454438e+01	7.222884472e+01	4.099258975e+02	1.889205985e+02	9.436098779e+01	1.451698247e+01	2.192301831e+01	2.161814807e+01	3.904914635e+01	1.221419274e+01	2.639674701e-01	1.814074406e+01	2.520614175e+01	7.421727321e+00	9.251503262e+01	1.494021428e+01	4.455008897e+01	1.304575179e+01	1.129566906e+01	3.001703028e+02	1.285416235e+02	7.630301934e+00	2.527324109e+00	2.139616657e+01	3.263999467e+01	1.249624911e+02	3.444304842e+02	7.835901959e+01	2.422287661e+01	8.507713401e+01	1.639573596e+01	1.609770728e+01	8.243281986e+00	8.369795997e+00	1.222760116e+02	2.649678274e+02	1.845075569e+00	8.210315259e+01	3.257012823e+02	2.888502661e+02	1.157845089e+02
9.268877947e-01	5.410642596e+01	2.443226786e+02	2.492283097e+01	4.789745562e+01	8.027967038e+01	3.807793927e+00	3.698646681e+00	4.451169989e+01	5.496390240e+01	1.828941522e+03	1.125253430e+02	2.786246497e+01	3.241341680e+02	8.187563832e+01	1.756038661e+00	4.288952638e+01	2.380476789e+01	2.163787727e-01	1.787571037e+02	4.275638982e+01	3.583162297e+01	6.671103234e+00	1.521029846e+01	7.159607421e-01	3.014691753e+01	8.137437365e+00	3.638137834e+01	9.619287068e+00	5.173775435e+03	3.524251516e+02	8.389096607e+01	2.895472282e+01	2.779056936e+01	1.508732995e+01	4.666447704e+01	3.752051003e+01	6.397353123e+01	3.474589352e+01	2.480846659e+01	6.001748241e+01	1.038898454e+02	1.051399057e+01	2.159409432e+01	1.092927007e+01	9.739247933e+01	1.866034725e+02	2.038975468e+01	3.623166398e+01	1.783839474e+02	9.344983115e+01	3.651762088e+01
3.077159795e+00	8.313416912e+01	2.450896761e+02	5.819664454e+01	1.282636246e+02	1.141185213e+01	6.795816791e+01	2.542776912e+02	4.596762205e+01	5.769606241e+00	2.212344888e+01	7.877724833e+01	8.112707552e+00	1.171562327e+03	4.218154459e+02	1.519789802e+01	5.774819204e+01	4.402736970e-01	1.668143719e+01	1.022016802e+01	2.912960146e+01	6.471413927e+01	1.281342887e+02	6.049078192e+01	2.301067865e+01	2.296544389e+01	1.660597876e+01	2.857191114e+01	2.756643233e+01	6.227263088e+01	4.771441120e+01	1.219422029e+02	5.919239695e+01	2.367588253e+01	7.274940651e+01	1.475864785e+02	5.408713882e+01	9.409890505e+01	2.354782603e+01	2.222273571e+01	1.063973694e+02	2.559189347e+01	1.839093470e+01	2.010058141e+00	2.674741530e+02	7.943002219e+01	2.780762184e+02	1.342031511e+01	5.379207687e+01	3.816729827e+02	3.257460214e+02	9.517281758e+01
3.908965339e+00	4.702078659e+01	4.263346655e+02	2.224803459e+01	8.929497157e+01	1.657796881e+02	9.584651065e+01	1.857033086e+00	3.135310005e+00	1.692249747e+02	8.312435497e+01	6.835596434e+01	5.805812621e+00	4.567750408e+02	1.951566415e+02	9.947266096e+00	9.170731324e+00	6.781950604e+01	6.018474130e+01	2.552722279e+01	1.640725590e+01	3.144310722e+01	6.104616953e+00	1.206504678e+01	3.225110874e+00	2.572753488e+01	1.292569386e+01	8.510427117e+01	3.193132323e+00	3.004506023e+01	7.346931852e+02	9.170742173e+01	1.375479829e+01	1.433850422e+02	3.213300668e+01	3.647307902e+01	1.427075510e+02	1.895866067e+01	1.845346579e+01	1.905682380e+01	4.857117276e+01	7.052134999e+00	6.971813990e+00	5.971790274e+00	9.382563332e+00	1.758617134e+02	2.862786957e+02	1.626183597e+02	4.475364435e+02	2.993497241e+02	4.410690855e+02	1.200427050e+02
2.239481122e+00	7.866440622e+01	1.691946741e+02	4.248041610e+01	3.285431673e+02	7.883979225e+00	3.629589119e+01	1.655908383e+02	1.036415495e+02	1.083464640e+02	7.882610978e+00	1.019211723e+02	3.180690478e+02	5.286883107e+01	6.835827975e+02	1.407434055e+01	8.113661214e+00	2.143213200e+00	1.684144465e+00	1.873395881e+01	8.405785900e+01	1.556405197e+01	2.857050527e+01	1.557433472e-01	5.128476549e-01	1.496570617e+01	2.187665005e+01	4.985805203e+01	1.264386829e+02	5.365763705e+02	1.882595946e+02	1.657217284e+00	1.085462601e+00	3.292009769e+00	5.101648831e+02	9.304881185e+02	1.580712001e+01	4.193052596e+01	6.916780725e+00	5.211761967e-01	2.357816786e+01	5.492964900e+00	4.363228159e+01	3.928887597e+00	8.488762274e-01	1.929512263e+02	8.918457770e+01	8.589312998e+00	6.918076030e+01	3.688713073e+02	1.049748853e+02	1.789900310e+02
4.654902216e+00	2.753085853e+01	4.024754349e+02	2.186154631e+01	6.001845605e+01	1.800896531e+02	4.742163387e+01	3.791136111e+01	3.780164929e+02	9.134585750e+01	1.766126197e+01	2.220444513e+00	4.187015791e+01	1.587172503e+02	6.431905062e+01	4.349456888e+01	5.626457738e-02	2.016676519e+01	2.111362433e+00	1.449559517e+01	2.297380703e+01	5.169940924e+00	7.968608499e+00	4.468545874e+01	5.565601922e+00	1.818888331e+01	2.812214302e+00	1.171826645e+01	6.622557550e+01	5.831870617e+01	8.138946604e+02	1.044522391e+02	1.313847472e+02	8.317294204e+00	2.374833993e+01	6.428008598e+01	4.066576689e+01	6.451785595e+01	1.557476974e+00	4.539819384e+00	1.542089006e+01	8.063826422e+00	2.228746921e+01	5.752116018e+00	6.320559399e+00	5.282696233e+01	1.295655547e+02	1.974711142e+00	4.439907524e+01	1.184353060e+02	6.764749965e+02	3.069077058e+02
1.930822990e+01	6.482481233e+00	1.809434361e+02	6.681678262e+01	3.389548199e+02	3.540880614e+02	5.619884440e+01	2.820078740e+00	1.253568710e+01	5.415044219e+01	3.993094039e+01	2.486870101e+04	1.201672901e+02	3.330284595e+02	1.470308727e+01	4.324758878e+00	1.356124029e+01	7.929329328e+00	4.139466577e+02	1.457169287e+02	5.951797914e+01	2.753974792e+01	1.707579913e+01	1.112513423e+00	1.146067171e+01	1.203820674e+02	4.085486724e+01	2.847433461e+01	5.046703223e+00	6.012738912e+02	2.067716039e+02	7.678340998e+01	1.256447258e+01	1.356740213e+01	4.541984569e+01	1.177223055e+03	1.562722454e+02	1.073354289e+02	4.785896378e+01	1.666815348e-01	7.388280928e+01	1.516340734e+01	2.436490665e+01	3.938826802e+01	1.650318217e+01	1.953527564e+02	1.993288985e+02	1.802947862e+01	4.369432897e+01	2.235277913e+02	2.135599819e+02	1.155893369e+01
2.582167643e+00	9.564805483e+01	2.290162533e+02	5.981819941e+01	2.601050038e+02	6.085348185e+01	4.258873560e+01	1.010213713e+02	6.509954832e+01	2.999456996e+01	1.948298741e+01	8.003404028e+01	1.734591127e+02	2.179620613e+02	2.216128832e+02	1.991969614e+01	1.964708141e+01	1.388408568e+01	1.750519098e+00	1.444647080e+01	7.009141137e-01	1.752042778e+02	3.059509869e+01	1.792362860e+00	4.035808264e+01	1.161525822e+02	5.983939432e+00	1.584219726e+01	1.594807840e+02	4.739946128e+02	2.641354144e+01	1.039053114e+01	5.606753562e+00	5.373358851e+00	3.614443793e+02	7.156998461e+02	4.145035095e+00	3.270476122e+01	7.549424095e+01	1.433262726e+01	2.766122694e+01	7.325230057e+00	3.352938344e+01	1.234059100e+01	6.078951641e+00	1.296277092e+02	1.520315532e+02	2.338757131e+00	2.581306341e+02	2.728540495e+02	4.579736174e+01	4.519101326e+01
4.588911069e+00	4.111921673e+01	1.659464858e+02	1.068716932e+01	1.804625043e+02	6.537716419e+01	1.811476388e+01	1.013804233e+02	5.289643094e+01	4.750623981e+01	2.801003690e+02	7.263408365e+01	1.128159260e+02	7.891167647e+02	4.995823949e+02	4.798673861e+00	3.613786838e-01	3.170990367e+01	9.024039441e+00	8.538620413e+01	6.761720490e+01	1.193515291e+02	4.649073138e+00	1.704844211e+01	6.459530942e+00	2.507068421e+01	4.645953914e+00	2.096387151e+01	1.676467243e+02	1.194371285e+02	4.890245897e+01	5.638971727e+01	1.511430258e+02	5.998941292e+00	1.863336743e+01	3.087210837e+01	2.739546892e+00	6.760180175e+01	9.228164525e+00	3.013203863e+00	9.904393530e+01	1.271602112e+02	2.477374239e+01	1.849111554e+01	1.306971053e+01	1.427739436e+02	3.221330366e+02	5.702887086e+00	4.574709196e+01	3.729629295e+02	7.910405995e+01	1.088097418e+02
1.754806710e+00	4.038860875e+02	5.017669764e+02	5.023315871e+01	1.041118380e+02	1.300751121e+02	6.588299958e+01	8.152502969e+01	2.949980068e+01	4.366650899e+01	7.619752280e+00	5.508339457e+01	1.457562962e+01	3.802864363e+02	1.846180790e+02	8.559175013e+00	7.501944337e+00	1.307906774e+01	8.494639016e+00	2.887363543e+01	4.234338411e+01	9.410142662e+01	1.192385688e+01	3.191023500e+00	2.440314013e+00	1.913719820e+01	5.075398839e+00	2.659517178e+01	3.720871206e+00	3.885720734e+01	6.735020256e+02	8.039994641e+01	6.504557933e+00	3.503533437e+00	1.407998882e+02	1.004007961e+02	6.546919142e+01	1.401757012e+02	4.024856190e+00	9.124358915e+00	6.377863485e+01	5.596201359e+00	1.824600255e+01	8.372717432e+01	1.290383399e+01	1.191473219e+02	3.607838004e+02	1.451156661e+01	1.228664988e+02	3.220905572e+02	1.767106170e+02	7.736433414e+01
1.092443827e+01	3.371500862e+01	4.218471461e+01	1.960243819e+01	1.001850426e+02	1.509217408e+02	2.916498072e+01	3.497970211e+01	1.659517476e+01	1.676488980e+02	1.056574711e+01	9.200322986e+01	8.170152666e+01	5.918049488e+02	2.703165915e+02	1.121225420e+02	4.158629553e+01	3.268101736e+01	8.370244406e+00	1.811116603e+01	1.321277879e+01	1.554319506e+02	5.670770751e+02	2.995297644e+01	2.103723410e+00	2.724111530e+01	2.118439982e+01	1.583389128e+01	6.378030834e+00	1.536947913e+02	2.541490954e+02	5.479721847e+01	4.048851705e+01	9.772804511e+00	1.540076260e+01	7.637192097e+01	4.852364582e+01	1.302200180e+03	9.605902945e+01	6.603434100e+01	7.939765262e+01	5.448601053e+00	2.640177696e+01	3.698227444e+00	3.106955090e+01	1.381495136e+02	2.222192747e+03	7.896862984e+01	6.732527340e+01	3.562131417e+02	1.182380468e+02	1.124221404e+02
4.737455614e+00	2.839567456e+01	4.691248444e+02	2.834015311e+00	7.172095339e+01	1.378122693e+02	2.176651087e+02	7.957154610e+00	1.447949676e+00	6.487973347e+01	3.069396826e+01	1.768542719e+01	4.138132127e+01	3.871806269e+02	1.005959025e+02	8.033529521e+00	8.966259402e+00	2.600621656e+00	4.323527266e+01	6.128956498e+00	7.553150054e+00	2.031731979e+01	1.462048553e+01	1.461016677e+01	6.291290308e+00	2.015083377e+01	3.348131007e-01	3.420879493e+00	1.078848279e+02	3.402938221e+01	6.616005186e+02	6.712034010e+01	5.664229657e+01	1.747402346e-01	1.987714891e+01	8.982466418e+01	4.582318313e+01	1.103887522e+02	6.371519927e+00	1.169145966e+01	4.013636975e+01	2.192932748e-01	5.931355295e+00	8.736943515e+00	4.246213771e+00	1.036305326e+02	3.220261940e+02	1.092223491e+00	1.532778033e+02	2.094778438e+02	5.187573728e+02	1.851296305e+02
5.337254906e+00	1.236339297e+01	1.770710727e+01	4.373127883e+01	1.815029988e+02	1.463232282e+01	2.964145573e+01	6.981414895e+01	2.182679651e+01	1.038425331e+02	6.354009686e+00	9.350005160e+01	2.799698215e+00	2.850058155e+02	5.220100155e+02	1.295598288e+01	1.326167411e+01	7.252734286e+00	5.999768014e+00	2.633925136e+01	8.139835091e+01	3.096646509e+01	3.160511530e+01	7.863535162e-01	7.347009377e+00	6.773065114e-01	1.049524297e+01	2.515992138e+00	1.048004257e+00	8.299519320e+01	2.239141246e+02	3.749156465e+01	1.498130907e+01	2.587349951e+01	1.084804828e+03	1.795151530e+02	9.503027189e-01	5.649681195e+01	3.850411326e+00	1.264384260e+01	3.237715746e+01	8.259327067e+00	3.521877431e+02	3.877578788e+01	1.485872269e+01	1.523907818e+02	2.089260699e+02	6.833138848e+00	6.374661062e+01	2.423527614e+02	1.469638840e+02	2.886349268e+01
2.888979785e+00	1.109945142e+01	9.633390107e+01	1.659428025e+01	3.528385161e+02	2.277910507e+02	9.261318527e+01	2.018863737e+02	6.343311017e+01	5.584264193e+01	4.692766886e+01	4.056488734e+01	1.597921389e+01	6.918299680e+02	3.017946501e+02	1.125035886e+02	1.480960482e+01	6.237270713e+01	2.210595668e+01	1.040946223e+02	1.608864611e+02	1.931502191e+01	1.220955543e+02	1.166584026e+02	8.203184130e+01	3.738754752e+01	1.245682315e+01	3.736179042e+01	1.031433252e+02	1.722104227e+03	1.282140074e+02	1.838523178e+00	1.564866924e+01	7.898645067e+00	4.910191818e+01	4.053877110e+01	2.173169266e+00	1.301985307e+02	9.929622445e+00	7.223647313e+00	1.800694208e+02	4.059148862e+01	1.582552898e+01	5.340862267e+01	1.331708610e+01	3.023084941e+02	3.624249724e+02	2.510261430e+01	1.146100539e+02	4.500704237e+02	1.304581755e+02	9.494495039e+01
2.652667679e+01	1.945508265e+01	3.057133216e+02	5.462978617e+00	3.884297186e+02	5.993443820e+01	4.135139403e+01	1.013096845e+02	2.603115533e+02	9.378408226e+01	1.859125916e+01	7.329467878e+01	6.731746025e+01	1.548102167e+03	4.442041221e+02	6.323209869e+01	3.411007620e+01	1.268276409e+01	2.827950246e-02	2.576215564e+02	4.689257014e+01	4.008566910e+01	1.614531617e+01	4.449285964e+00	8.241870916e-01	6.930308763e+02	8.364426875e+00	4.441246149e+01	7.604101595e+00	1.703759112e+02	1.411882409e+02	1.428478534e+02	4.534333459e+01	7.568749270e+00	2.821303845e+01	5.272199157e+01	2.989236379e+01	1.127331107e+02	8.397966208e+00	2.999286281e+01	1.195637474e+02	2.365978569e+01	2.052547951e-01	3.520707712e+00	1.377730268e+01	1.418077012e+02	2.025874417e+02	4.287197369e+00	4.239274771e+01	3.086159351e+02	1.836174561e+02	3.210396009e+01
1.540576725e+01	4.157691104e+01	3.181862087e+02	2.084581032e+01	1.195030353e+02	1.499285143e+02	1.166650403e+02	9.198832230e+00	4.564552836e+00	5.389710158e+01	2.670245849e+00	2.216773396e+01	4.802407793e+01	1.233583975e+02	1.075859246e+02	2.288494316e+01	2.098815025e+01	1.926452856e+00	1.735989945e+01	2.502006491e+00	6.608237819e+01	3.493860447e+02	2.269488902e+01	1.323767926e+01	5.029055108e+00	9.596347980e+00	6.799159098e+00	9.114693182e+01	2.664507589e+01	3.527711111e+01	5.043927579e+02	6.605707359e+01	1.259321968e+01	4.049107748e+01	2.866120826e+02	7.079174512e+02	3.395783760e+00	4.077385714e+01	1.679893094e+01	1.735960492e+01	7.248816492e+01	1.427325534e+01	4.078145822e+00	2.553445700e+01	6.767666159e+00	5.934949795e+01	1.753074419e+02	1.372186562e+00	8.039608009e+01	1.871123301e+02	3.929010478e+02	1.089496514e+02
6.319657234e-01	4.419952845e+01	1.613308166e+02	1.993285472e+01	2.606305594e+01	1.728720136e+02	5.717790564e+01	1.750766893e+02	5.671137972e+01	6.618311686e+01	7.504368830e+01	3.626631115e+01	2.900867129e+02	1.324837412e+02	1.006835210e+02	1.270082144e+01	1.408365093e+01	2.265940738e+00	3.673874004e+01	4.852382145e+00	5.884983969e+00	6.155771360e+01	3.365205751e+01	8.299057026e+02	1.242866879e-01	5.804618984e-01	1.795170571e+01	8.732415882e+00	4.497304976e+02	1.566569696e+03	2.759937534e+01	1.255378932e+02	2.241083224e+00	3.956634126e+00	2.607318536e+01	3.555521054e+01	1.594085711e+02	5.084827473e+01	8.841572793e+00	2.274430868e+00	1.052246909e+01	1.470913370e+01	1.732950410e+01	2.306291643e+02	2.408212228e+01	3.389576728e+01	7.982646887e+01	7.863773398e-01	5.246291476e+01	1.832226941e+02	2.285635098e+01	9.198956771e+01
