Field-level output
Created by GroIMP
time(d)	species	LAI	nrShoots	fAbs	assCO2(umol/m2)	biomAbove(gr/m2)	yield(gr/m2)	harvestIndex	leafArea	fieldRFR
1.0	9.0	0.0	8.333333333333334	0.0	0.0	2.2916666666666665	0.0	NaN	0.0	1.200000000000002
2.0	9.0	0.0	8.333333333333334	0.0	0.0	2.286506681964632	0.0	NaN	0.0	1.200000000000002
3.0	9.0	0.0	8.333333333333334	0.0	0.0	2.2751866908096434	0.0	NaN	0.0	1.200000000000002
4.0	9.0	0.0	8.333333333333334	0.0	0.0	2.2600027817197916	0.0	NaN	0.0	1.200000000000002
5.0	9.0	0.0	8.333333333333334	0.0	0.0	2.2394934687333223	0.0	NaN	0.0	1.200000000000002
6.0	9.0	0.0	8.333333333333334	0.0	0.0	2.2190178710251494	0.0	NaN	0.0	1.200000000000002
7.0	9.0	3.4761045239508945E-6	8.333333333333334	0.0	0.0	2.1984285259696494	0.0	0.0	4.1713254287410734E-5	1.200000000000002
8.0	9.0	2.0813599614284293E-5	8.333333333333334	3.8791643126707E-6	0.09624788083950238	2.177400742190286	0.0	0.0	2.497631953714115E-4	1.200000000000002
9.0	9.0	6.305829027645339E-5	8.333333333333334	1.1340981642590646E-5	0.7879750009385518	2.155599832598629	0.0	0.0	7.566994833174406E-4	1.2021056214023362
10.0	9.0	1.379151090706863E-4	8.333333333333334	1.874372784989559E-5	3.8105590869427055	2.1328131046653334	0.0	0.0	0.0016549813088482356	1.2091689282007758
11.0	9.0	2.53873582033637E-4	8.333333333333334	4.5566706737113036E-5	12.972724242744766	2.1089011474940373	0.0	0.0	0.003046482984403644	1.2438725973438098
12.0	9.0	4.201895279065261E-4	8.333333333333334	9.13886301776121E-5	42.61833571613706	2.0840758363741902	0.0	0.0	0.005042274334878314	1.233954072253352
13.0	9.0	6.468631465999915E-4	8.333333333333334	1.6978948019121093E-4	105.97713406904336	2.0588683361755042	0.0	0.0	0.0077623577591998975	1.2579137389994899
14.0	9.0	9.446134919789284E-4	8.333333333333334	2.0547598109742397E-4	175.6603071795197	2.0330543504170424	0.0	0.0	0.01133536190374714	1.2482252068135664
15.0	9.0	0.0013248493349203333	8.333333333333334	2.857575793953595E-4	254.09514385336502	2.0064490521064573	0.0	0.0	0.015898192019044	1.21448294818794
16.0	9.0	0.001799636433576892	8.333333333333334	4.3304424242081324E-4	388.6963647040931	1.9800955855106908	0.0	0.0	0.021595637202922704	1.2301721207890948
17.0	9.0	0.002381661238838703	8.333333333333334	5.032320290285136E-4	472.92156350901297	1.9521896518156467	0.0	0.0	0.028579934866064437	1.21819248427863
18.0	9.0	0.0030841910740946198	8.333333333333334	7.68385681689915E-4	658.3699475983507	1.9249227622245104	0.0	0.0	0.03701029288913544	1.2150400439855176
19.0	9.0	0.003921030839522522	8.333333333333334	0.0010214521458726826	908.2438984783768	1.899472715744592	0.0	0.0	0.04705237007427026	1.2242741463226252
20.0	9.0	0.004906476302253001	8.333333333333334	0.0013155890716654225	1168.8311914753747	1.8755674284638235	0.0	0.0	0.05887771562703602	1.2407885008731632
21.0	9.0	0.006055264044822782	8.333333333333334	0.0016512441246849998	1387.212214857864	1.8515203694676232	0.0	0.0	0.07266316853787338	1.2215610358372073
22.0	9.0	0.007520066925604242	8.333333333333334	0.0019170478884266628	1712.9802306721183	1.8261795407477113	0.0	0.0	0.09024080310725091	1.2088282447269123
23.0	9.0	0.009333822101881684	8.333333333333334	0.0024911083354402026	2219.370674354312	1.8032999836833312	0.0	0.0	0.1120058652225802	1.20884485138999
24.0	9.0	0.01153011536586814	8.333333333333334	0.002986837875960797	2882.081153286095	1.7859373296355414	0.0	0.0	0.13836138439041767	1.1972372928223793
25.0	9.0	0.014143054945191335	8.333333333333334	0.003543676194512073	3552.5644371031763	1.7731767143001047	0.0	0.0	0.16971665934229602	1.1341418382142643
26.0	9.0	0.017207139530857073	8.333333333333334	0.004318698745833743	4336.854995509467	1.766894588133775	0.0	0.0	0.20648567437028487	1.1161865623265461
27.0	9.0	0.02031880658580005	8.333333333333334	0.005271545401916836	5320.544898881179	1.786046311397503	0.0	0.0	0.2438256790296006	1.1086880016919967
28.0	9.0	0.02223549011663108	8.333333333333334	0.006000567940887565	6182.027615721534	1.8687805658635932	0.0	0.0	0.266825881399573	1.0835252580987058
29.0	9.0	0.02377694793154986	8.333333333333334	0.006623046082587932	6937.0810017244485	1.98430809861813	0.0	0.0	0.28532337517859835	1.0766360549642942
30.0	9.0	0.025435887259728566	8.333333333333334	0.006970441643554511	7479.660283154605	2.110062494202722	0.0	0.0	0.3052306471167428	1.0620583847008296
31.0	9.0	0.027238297735920455	8.333333333333334	0.007262475334926381	8023.320156345021	2.2450737549231574	0.0	0.0	0.32685957283104544	1.0568174728416628
32.0	9.0	0.029238032292055776	8.333333333333334	0.007915935475171797	8791.28895947804	2.3934297336519244	0.0	0.0	0.3508563875046693	1.0488158059619348
33.0	9.0	0.03132399658043942	8.333333333333334	0.00837006683252876	9122.313887797829	2.5469698006947525	0.0	0.0	0.375887958965273	1.0319234729405435
34.0	9.0	0.033552647764856454	8.333333333333334	0.008724718827305435	9685.62350686493	2.7099548929759667	0.0	0.0	0.4026317731782774	1.0362848730823895
35.0	9.0	0.03605960789303376	8.333333333333334	0.009434266409876066	10726.541165315351	2.8911537093581394	0.0	0.0	0.4327152947164051	1.031191285075644
36.0	9.0	0.038833116597423445	8.333333333333334	0.010381677242970205	11728.278848282838	3.089727292876612	0.0	0.0	0.46599739916908134	1.019629061771907
37.0	9.0	0.04189374126307296	8.333333333333334	0.011116044549067202	12816.604790998761	3.3071666972092717	0.0	0.0	0.5027248951568755	1.005047848714802
38.0	9.0	0.0453119007132648	8.333333333333334	0.011960254730591733	14181.432166046672	3.5484639754604905	0.0	0.0	0.5437428085591776	1.0095869501396522
39.0	9.0	0.04912448236186773	8.333333333333334	0.013180969867474773	15693.251920207544	3.8161858595585922	0.0	0.0	0.5894937883424127	1.0095004812432544
40.0	9.0	0.05330135660123476	8.333333333333334	0.014703195833630113	17098.721830213613	4.108200082697406	0.0	0.0	0.6396162792148171	0.9910763288686856
41.0	9.0	0.057834804104045505	8.333333333333334	0.016246288327643674	18666.986208193073	4.427362728645895	0.0	0.0	0.694017649248546	0.9858739505758307
42.0	9.0	0.06287609357183108	8.333333333333334	0.017839540942111258	20826.348838874812	4.784428740662956	0.0	0.0	0.7545131228619729	0.987088759712349
43.0	9.0	0.06848430898606313	8.333333333333334	0.019588957535769162	23234.932283256418	5.183765974906947	0.0	0.0	0.8218117078327576	0.9911437313070387
44.0	9.0	0.07494506393201851	8.333333333333334	0.021863246155362122	26773.90799184408	5.646002519367876	0.0	0.0	0.8993407671842221	0.9844675948689519
45.0	9.0	0.08195563384538714	8.333333333333334	0.02498458823006877	29334.857119023367	6.152664069455315	0.0	0.0	0.9834676061446456	0.9844201557816641
46.0	9.0	0.08987374526829188	8.333333333333334	0.02821773070569509	33386.4874894328	6.7310247978699165	0.0	0.0	1.0784849432195025	0.9757616423648185
47.0	9.0	0.09883164659024261	8.333333333333334	0.031639610481903224	38021.37533574642	7.3914140476243375	0.0	0.0	1.1859797590829113	0.9852444618946886
48.0	9.0	0.10892463339957541	8.333333333333334	0.03574038854584197	43103.85757701417	8.141588463349354	0.0	0.0	1.3070956007949048	0.9815711737582652
49.0	9.0	0.12020194456266277	8.333333333333334	0.04044913981618321	48708.52364592766	8.990634548806307	0.0	0.0	1.4424233347519533	0.9852575548040666
50.0	9.0	0.13293979468208703	8.333333333333334	0.04607714811142962	55528.415285419476	9.960391884967573	0.0	0.0	1.5952775361850444	0.9773110015601593
51.0	9.0	0.14770231305909878	8.333333333333334	0.05196687366763569	64796.21420142017	11.095347598634172	0.0	0.0	1.7724277567091853	0.9758379602324024
52.0	9.0	0.1640256857627421	8.333333333333334	0.05853895823042471	72269.42332300737	12.361289383349918	0.0	0.0	1.968308229152905	0.9751506512757697
53.0	9.0	0.18215270819387708	8.333333333333334	0.06588059616029446	81171.62341301437	13.783805781725647	0.0	0.0	2.185832498326525	0.9716556290805208
54.0	9.0	0.2023823231974985	8.333333333333334	0.07291630187833269	91480.23837199433	15.387906827416387	0.0	0.0	2.428587878369982	0.9565735146368737
55.0	9.0	0.22524363366088218	8.333333333333334	0.08280766631654954	104228.98622019852	17.217552441495055	0.0	0.0	2.702923603930586	0.9541965615309558
56.0	9.0	0.2498549094867104	8.333333333333334	0.09226421036931712	113322.94104116094	19.203765767906663	0.0	0.0	2.998258913840525	0.9391860355964455
57.0	9.0	0.27723755348770246	8.333333333333334	0.10210416703380688	127270.0193767199	21.435266535732023	0.0	0.0	3.3268506418524293	0.931032834586371
58.0	9.0	0.30858064581730266	8.333333333333334	0.11332244776977496	146804.07032541002	24.01378015326586	0.0	0.0	3.702967749807632	0.9231491428481643
59.0	9.0	0.34184435812583663	8.333333333333334	0.12549786308429162	157502.0278487792	26.773792321462704	0.0	0.0	4.10213229751004	0.9110083545740497
60.0	9.0	0.37919253473450065	8.333333333333334	0.13913130788090886	178091.6522185603	29.896999147775777	0.0	0.0	4.550310416814008	0.9038147476292633
61.0	9.0	0.42063059831483046	8.333333333333334	0.15339443471335973	199417.23030072605	33.39471602146946	0.0	0.0	5.047567179777966	0.8939085278269665
62.0	9.0	0.4667698886120269	8.333333333333334	0.16825549855919109	223872.68181110304	37.32243673566701	0.0	0.0	5.601238663344323	0.8879780349445681
63.0	9.0	0.5159282954810442	8.333333333333334	0.1843728346323129	240886.86442218148	41.539906363584784	0.0	0.0	6.191139545772531	0.8777562873444086
64.0	9.0	0.5722770944286499	8.333333333333334	0.2037740129305962	278208.580745061	46.421996163544755	0.0	0.0	6.867325133143799	0.8643231870873646
65.0	9.0	0.6334500321651453	8.333333333333334	0.2234573233682378	304980.4992737408	51.76949804019835	0.0	0.0	7.601400385981743	0.8546800092365836
66.0	9.0	0.697495540374686	8.333333333333334	0.243964913338394	322721.1646127083	57.41167706489346	0.0	0.0	8.369946484496232	0.844053284265017
67.0	9.0	0.7660390046921242	8.333333333333334	0.2634989760105195	349197.07655008015	63.51084606330872	0.0	0.0	9.19246805630549	0.8294536430512656
68.0	9.0	0.8423340734164535	8.333333333333334	0.2846619265999969	392911.03418652	70.39213910452737	0.0	0.0	10.108008880997442	0.8163683581739274
69.0	9.0	0.9225361702997619	8.333333333333334	0.30705768584536264	417544.1516474148	77.6898134110469	0.0	0.0	11.070434043597142	0.7948268631703587
70.0	9.0	1.007119083676369	8.333333333333334	0.33012828597690974	451448.54005226697	85.5242470717505	0.0	0.0	12.085429004116428	0.7827532715548458
71.0	9.0	1.0971867345855901	8.333333333333334	0.3530204226961053	489917.636799166	94.00045713668577	0.0	0.0	13.16624081502708	0.7663679143936215
72.0	9.0	1.194091259703115	8.333333333333334	0.37655289124730956	529063.4608187252	103.20004553384115	0.0	0.0	14.329095116437381	0.7464767156636003
73.0	9.0	1.2968626538161543	8.333333333333334	0.40067798228385204	561890.2448726823	113.01933960945235	0.0	0.0	15.562351845793852	0.7262724513328511
74.0	9.0	1.4007780325927908	8.333333333333334	0.4243467053728266	598128.797906869	123.36410340783874	0.32502273670610454	0.0028941104100790316	16.80933639111349	0.7086079629508252
75.0	9.0	1.5034350819845648	8.333333333333334	0.44806850587446734	634240.4275171607	134.24103719613495	1.2223283931059978	0.009989031204591395	18.041220983814778	0.6904804408176426
76.0	9.0	1.6060784674447603	8.333333333333334	0.47088608297133744	660689.3593307667	145.60293463918757	2.6365610348881394	0.019826808494978414	19.272941609337124	0.6749508048094991
77.0	9.0	1.70550712588785	8.333333333333334	0.49215082350421363	693139.7486339082	157.33612868228155	4.54570927155518	0.03157567052839361	20.4660855106542	0.6584850589640567
78.0	9.0	1.8080384057926295	8.333333333333334	0.5116685241432423	729528.5141134365	169.83773595126345	6.938851045088058	0.04456502580142266	21.696460869511554	0.6438980691522203
79.0	9.0	1.9078749938783075	8.333333333333334	0.5309263997797641	768360.8260424375	182.80454862989237	9.81228946682228	0.05844865949114789	22.89449992653969	0.630962517647467
80.0	9.0	2.0035004442631155	8.333333333333334	0.5486705426607277	787115.7711768319	195.90766517870267	13.078863427815863	0.07256850999236959	24.042005331157387	0.6157654497207864
81.0	9.0	2.0962982606371567	8.333333333333334	0.5655302680976082	824660.497056568	209.45535869521927	16.80515643338427	0.08708333003989135	25.155579127645883	0.6044895422602543
82.0	9.0	2.189566249755845	8.333333333333334	0.5823915320736346	846365.6243828251	223.43620054332624	20.915579060435743	0.10144677632404099	26.27479499707014	0.5912686495194946
83.0	9.0	2.2749166887977568	8.333333333333334	0.595905870982971	859472.887697446	237.263997053146	25.356086332012154	0.11565791843336218	27.29900026557308	0.581950451055443
84.0	9.0	2.3597681263652937	8.333333333333334	0.6093408667590429	895993.8297744339	251.67615503129238	30.241585281175574	0.12990369606005486	28.317217516383522	0.5723204679331843
85.0	9.0	2.4445328688821077	8.333333333333334	0.6224289525696686	971973.1659051311	267.2572844921979	35.78957779078949	0.14474288246922928	29.334394426585295	0.5632621546232887
86.0	9.0	2.5323012148090904	8.333333333333334	0.6355242190038968	1001676.5873180233	283.5451101438934	41.762919219485845	0.15917248096257136	30.387614577709083	0.555048897860391
87.0	9.0	2.6245362236324645	8.333333333333334	0.6476274517691814	1037827.2176557165	300.72947023730393	48.19387140317821	0.17319298603376876	31.494434683589574	0.5447151089567924
88.0	9.0	2.7006062544647222	8.333333333333334	0.6584172835856392	1055822.0124575656	317.3591835654824	54.982239869159166	0.18728696197554276	32.40727505357667	0.5380575856747217
89.0	9.0	2.769830221368879	8.333333333333334	0.6688165995269183	1065222.6600715404	333.85058937443165	62.07958820671257	0.20106774622410611	33.23796265642655	0.5306439261891555
90.0	9.0	2.8376681517943627	8.333333333333334	0.6786818227204688	1064666.7446109718	350.3804408165575	69.41615919188833	0.21424473669065722	34.05201782153235	0.5249938827139999
91.0	9.0	2.874613268036823	8.333333333333334	0.6854626139726088	1068649.34698942	365.31728897261695	77.01190095938904	0.22807718912413658	34.49535921644188	0.518029421437263
92.0	9.0	2.929971870541564	8.333333333333334	0.6917797979276841	1104210.4826754895	382.0101643861583	85.06981008310568	0.2410845889036736	35.159662446498764	0.5162147545490253
93.0	9.0	2.988341752340896	8.333333333333334	0.6994260462354537	1124889.054397318	399.33780187120533	93.48626304139708	0.2536506720103405	35.86010102809075	0.5089746403717759
94.0	9.0	3.024461704147233	8.333333333333334	0.7041894136501871	1124326.0808105557	415.48043447669124	102.1161171488484	0.2665687638448411	36.293540449766795	0.505663892321662
95.0	9.0	3.0504966947605237	8.333333333333334	0.7079340533667211	1158008.6221917516	431.73925946469444	111.18457864830083	0.27976528007162393	36.605960337126284	0.502481115587191
96.0	9.0	3.0807018508523405	8.333333333333334	0.7124773757150816	1164661.4914269766	448.4799951271593	120.51516628822957	0.29239770190274383	36.968422210228084	0.499481580040762
97.0	9.0	3.1089307387710665	8.333333333333334	0.7164133138966197	1131641.7441371114	464.62335039278884	129.830782907615	0.30437025691385816	37.3071688652528	0.49419438037016516
98.0	9.0	3.1359236340183916	8.333333333333334	0.7191713174957697	1156016.479849603	481.25018758344487	139.53746358473876	0.31627139199344134	37.6310836082207	0.49485134011080495
99.0	9.0	3.129199524541096	8.333333333333334	0.7217617895489222	1149981.5343743574	495.9409531798073	149.39033933447456	0.3291540626860262	37.55039429449315	0.4902023249153861
100.0	9.0	3.136093592157307	8.333333333333334	0.722585096485342	1162599.8360913617	511.77403029494434	159.54554966989744	0.34127930116053223	37.633123105887684	0.48914419638648815
101.0	9.0	0.0	0.0	0.0	0.0	511.77403029494434	159.54554966989744	0.34127930116053223	0.0	NaN
