Absolute (scaled and unscaled) effects; first averaged outputs of 3 replicates.

 Unscaled absolute effects:
Biom peak:
1					2					3					4					5					6					7					8					9					10					11					12					13					14					15					16					17					18					19					20					21					
22					23					24					25					26					27					28					29					30					31					32					33					34					35					36					37					38					39					40					41					
42					43					44					45					46					47					48					49					50					51					52
7.668007581e+02	7.603487373e+00	9.536085573e+00	5.791385182e+01	1.439083177e-03	9.159192122e-04	8.296921424e-02	7.862948967e-02	4.801939176e-01	7.337411216e-01	1.615951813e+00	1.293075487e+00	4.830945753e+03	3.198029814e+02	1.648443247e+01	1.087687654e+02	1.250964268e+02	3.015350690e+03	3.034102069e+03	1.089344876e+01	6.307550990e+00	3.936020905e+00	3.089420488e+04	7.151726643e+02	6.385902852e+01	5.344627035e+00	2.519486567e+01	2.262123039e+01	9.048060497e+01	1.903055576e+02	1.757245128e+03	1.266028399e+02	3.886705978e+04	1.521276578e+04	3.970640101e+00	3.710215116e+02	8.719441879e+04	1.318313740e+04	8.855664794e+01	7.282299998e+01	6.608632924e+00	5.613202281e+01	2.957246886e+02	6.329023960e+01	3.423593805e+02	7.985633769e+02	3.919985921e+02	3.494946753e+00	2.791222207e+03	2.314404697e+03	1.160996554e+02	7.146997503e+01
5.809711955e+03	1.899695481e+02	1.549035047e+01	2.900394289e+00	7.660569524e-04	7.130832417e-04	3.467629047e-02	3.792950371e-02	1.467769206e-01	1.755753742e-02	3.301248325e-01	6.528637049e-01	4.393705154e+03	3.434112025e+02	1.260764895e+02	5.404236050e+00	2.805942737e+00	2.285024740e+02	1.929033103e+02	9.624147437e-01	3.608665014e-01	4.983461692e-01	2.677416387e+02	4.314234004e+01	9.460532627e+00	1.359861012e-01	4.445440952e+00	6.473994275e-01	8.917132548e-01	2.718013836e+00	7.874018077e+01	1.734310032e+00	3.430644774e+01	1.880680535e+02	2.860787864e-01	1.147126760e+01	4.319810133e+03	2.367544914e+03	4.103540410e+00	2.239959981e+01	4.621351411e+00	1.586789425e+01	9.102578485e+01	1.058477223e+00	1.029536748e+02	1.240667345e+03	2.995961539e+02	5.347944381e-01	1.551536884e+04	1.571544652e+03	1.173945549e+02	4.912958190e+01
9.338454066e+01	6.141784008e+00	2.247081313e+01	1.195730142e+01	1.103318279e-03	1.136555084e-04	2.137837499e-02	2.811817748e-02	6.332644553e-02	2.480036819e-02	5.450271430e-02	6.284532956e-01	5.742167277e+01	2.030469961e+02	4.733992190e+01	7.399721412e+00	2.289076461e+00	1.134890874e+02	9.636724266e+01	2.004627523e-01	1.388704505e+00	7.082752220e-01	6.225309796e+02	1.635740288e+01	5.289008122e+00	2.283906219e-01	3.796558502e+00	3.065748499e-01	5.183781361e-01	1.551517127e+00	1.830082217e+02	1.740367668e+00	2.848322439e+02	9.928080194e+01	9.745594251e-02	1.837182348e+02	1.050088810e+04	2.952804715e+03	2.914194747e+00	1.794704187e+01	4.408315490e+00	1.755722385e+01	1.409451550e+02	7.391923709e+00	1.207300519e+02	1.302874885e+03	3.106694569e+02	4.477555744e-01	1.037611300e+04	2.103608347e+03	1.959512554e+02	9.224351881e+01
4.582385540e+02	8.579982995e+00	4.281627255e+01	1.441918475e+01	1.212474522e-02	5.110053082e-04	4.201055170e-02	7.035502177e-02	1.313755110e-01	7.737347738e-02	8.348086837e-01	3.137005496e-01	4.470107566e+03	7.911474297e+00	1.378911348e+02	8.704384811e-01	3.044017039e+01	3.471237963e+02	3.787957121e+02	1.628262137e+00	2.301144768e+00	8.849701829e-01	3.527155680e+03	6.548110063e+01	1.254275612e+00	2.207877547e-01	8.468529563e-01	8.502152024e-01	2.226794756e+01	1.708929719e+01	1.051815930e+02	1.956110595e-01	1.065512228e+03	2.938252857e+02	2.385081664e+00	5.031899268e+02	2.778084297e+03	8.998883420e+02	8.476064566e+00	9.768380897e+01	2.123314089e+00	9.038807996e-01	5.040401510e+01	7.956950395e+01	4.472861503e+00	2.080998583e+03	1.319107663e+02	6.774884699e-01	2.732329036e+04	1.117260549e+03	3.904763014e+01	1.012764041e+02
2.626204346e+01	1.338368517e+00	8.928131829e+00	2.586960040e+00	2.020065854e-04	1.063635837e-04	1.661598113e-02	1.396468343e-02	5.770744285e-03	3.526120913e-02	3.808159737e-02	5.914000245e-01	1.798472199e+03	1.666331307e+02	6.568202054e+01	2.902783601e-01	1.094270137e+00	1.337292448e+02	1.769064921e+01	5.125934609e-01	6.939466175e-03	1.873468292e-01	9.616461424e+02	3.561258178e+01	1.613153229e+00	3.124496547e-02	3.072787844e+00	5.845749604e-02	1.926113166e-01	3.018337161e-01	1.430370596e+02	1.744080156e+00	2.317594821e+02	5.080253006e+01	1.104635624e-01	1.329757164e+01	5.588883503e+03	2.081030930e+03	2.382314337e-01	5.081947952e+00	2.508897155e+00	2.885671266e+00	5.066634254e+00	9.874254079e+00	2.973220382e+01	1.260108787e+03	2.396756133e+02	9.029303000e-02	1.109132872e+04	2.045941890e+03	1.621628371e+02	7.938094414e+01
2.602710681e+02	1.101827259e+01	2.022099417e+01	2.984852570e+00	7.281622567e-04	1.065871915e-04	1.162321882e-02	2.284244546e-02	2.201670341e-02	3.008728850e-01	6.344400997e-01	1.723941593e-01	1.103764508e+03	1.621863194e+02	4.841004805e+01	1.440396904e+01	1.489998101e+00	4.920636748e+02	7.050924706e+02	4.866795865e-01	1.432199577e+00	3.742163675e-01	1.689864636e+03	1.395454463e+01	2.406149622e-01	7.290374752e-02	4.272566060e+00	3.593656719e-01	7.002544838e-03	8.572013740e-01	1.013273390e+02	2.225028860e+00	1.674253325e+02	2.655329723e+02	3.309748271e-02	1.002275494e+01	6.963323502e+03	3.062127068e+03	2.091035291e+00	1.451225310e+00	2.240196927e+00	1.488066750e+01	3.407417998e+01	1.839842130e+01	7.440209782e+01	7.581166666e+02	2.942819012e+02	2.938283058e+00	2.981339975e+04	1.918792453e+03	1.227905920e+02	5.444510021e+01
4.416234962e+01	1.868486528e+00	1.143902827e+01	3.972123338e+00	1.309992791e-03	1.422525177e-04	1.146667747e-02	4.055552029e-03	1.170592993e-02	1.208463087e-01	4.955491357e-02	2.507744538e-01	1.118824498e+03	2.564204320e+02	4.883066365e+01	1.016045593e+00	1.082126796e+01	4.419830824e+01	4.244897246e+02	6.027331968e-01	1.928767273e+00	3.969267905e-01	1.341770423e+03	7.873491910e+00	3.553025384e+00	1.990405387e+00	2.517015932e-01	9.776281243e+00	4.603205699e+01	8.074143417e+00	9.004668128e+01	4.216213383e+00	7.281561921e+02	1.729965108e+01	8.602043068e-01	1.993422902e+02	6.582456628e+03	2.450378233e+03	3.079995298e+00	2.882430724e+01	5.011271923e+00	2.563533647e+01	1.091574635e+02	2.783076622e+01	1.125107155e+02	1.824039303e+03	3.793258393e+02	6.158383070e-01	1.835859876e+04	2.134736760e+03	9.688946853e+01	3.881256143e+01
1.122237343e+02	5.992042344e+00	5.079106614e+00	2.512458218e+01	1.641687158e-03	2.406128691e-04	4.649857379e-02	3.733795245e-02	8.057072352e-02	6.284341062e-03	1.594735230e-01	1.491341996e+00	3.588370248e+02	2.642495433e+02	1.877663372e+02	9.667717266e+00	1.085319666e+01	1.101105226e+02	3.764312996e+02	1.893822301e+00	1.837936274e+00	1.117011590e+00	4.006673770e+02	1.105494433e+01	2.252133884e-01	1.496512011e-01	3.128487747e+00	4.174731569e-01	2.633416550e+00	3.910429782e+00	4.800284317e+01	1.668452375e+00	1.508650717e+01	1.868295027e+02	2.266837570e-01	6.422275532e+00	5.172924235e+03	3.017143010e+03	1.448178115e+01	1.699901051e+02	9.716311697e+00	3.542469440e+00	1.603483653e+01	1.047073464e+02	1.123487704e+03	6.043370011e+02	1.460519392e+02	9.024031070e-01	1.321161376e+04	4.758659840e+03	7.040748967e+03	1.867647507e+02
4.568729341e+01	7.485462633e+00	1.252144573e+01	3.251213575e+01	5.969664650e-03	3.333368187e-04	3.436516865e-02	1.676279946e-01	1.563867908e-01	4.315521019e-01	1.328091270e+00	2.836846638e+00	3.781092814e+03	3.145906693e+02	3.686231665e+02	1.112038096e+02	7.706637590e+01	2.514253054e+03	3.951796122e+02	8.158756049e+00	9.077317457e-01	1.876717370e+00	2.609287965e+03	4.518743344e+01	9.434884348e+00	3.889415486e-01	7.865189378e-01	1.048918462e+00	1.575026465e+00	6.927985853e-02	1.311871682e+02	2.041269224e+00	5.106343037e+02	1.020599419e+02	1.525988145e-01	4.930484207e+01	1.972585685e+04	5.595362288e+03	6.110927767e-01	2.415631451e+01	7.909505106e+00	1.710618457e+01	1.196022449e+01	1.607075779e+01	1.604241806e+02	3.213241776e+03	6.133067127e+02	4.667646060e-01	2.145448417e+04	2.834386343e+03	4.203714243e+01	4.198108294e+01
6.212032226e+02	8.470112674e+00	5.295918518e+01	6.148929190e+01	1.096083683e-02	9.388850604e-04	3.335535485e-02	1.631302487e-01	4.296366304e-01	3.026057904e-01	3.803306671e-01	3.497118677e+00	5.889135616e+02	4.657062724e+02	3.166374359e+02	2.747699671e+02	2.163058389e+01	4.811637007e+01	4.161986067e+02	5.009601856e-01	1.391520796e+00	2.513207435e+00	3.755522114e+02	3.879858629e+01	4.249369475e+01	1.648361377e+01	5.350241977e+00	3.232028904e+00	3.129349745e+01	1.337819890e+02	1.806426212e+02	4.080331450e-01	5.626308378e+01	7.203349090e+02	1.149236513e+00	9.045103761e+02	1.021464290e+03	4.803276932e+03	7.371156579e-01	6.745182079e+00	9.670006977e+00	9.263697413e+00	9.355901616e+01	2.835098027e+01	5.998050133e+00	3.909939804e+03	8.631415906e+02	3.798603773e-01	4.244170809e+04	3.985497917e+03	1.309500436e+01	2.912902230e+01
3.165882149e+00	8.747149488e+00	1.625425422e+01	6.334942456e+00	1.045408175e-03	7.040446705e-05	2.092184376e-02	2.901880269e-02	8.123686344e-02	6.798943420e-02	6.740250802e-01	1.546575780e+00	1.234325536e+03	1.786711924e+02	1.123663014e+02	2.770723779e+00	7.859001915e+00	2.511342555e+01	1.305932475e+02	5.173264133e-01	2.655732490e-01	1.291262912e-01	1.179507068e+03	2.271592261e+01	3.450069338e+00	2.220060326e-01	1.974590789e+00	9.543790078e-02	5.187834028e-01	1.529653444e+00	1.221665152e+02	1.404218485e+00	4.455017608e+01	1.756262896e+02	1.304713322e-01	4.201016174e+00	2.460812506e+03	4.482815131e+03	7.029320187e+00	1.865109093e+01	5.960431422e+00	7.885473578e+01	3.635024664e+01	6.516904554e+01	4.130631393e+00	1.618862146e+03	2.371919487e+02	5.016494286e-01	1.990490401e+04	1.751997082e+03	1.654625244e+02	7.334105308e+01
1.099197447e+02	1.349048726e+01	6.270098813e+01	4.632557650e+00	1.126495116e-02	4.045626371e-04	2.028949038e-02	1.124610282e-01	3.428217169e-01	2.973489955e-01	9.382359302e-02	1.278007049e+00	2.067778741e+03	6.726310478e+01	3.300312463e+02	9.452891646e+01	3.330099596e+00	1.802255470e+02	1.062734645e+02	2.118596252e-01	4.794487713e+00	6.795435688e-01	4.587403906e+02	2.521450593e+01	2.765986903e+00	1.242915855e-01	1.419670316e+00	7.849110200e-01	5.681399656e+00	5.756256405e+00	2.142363008e+01	6.130173400e-02	1.100500045e+02	4.484855556e+01	2.859694897e+00	8.024570162e+02	2.703262653e+02	5.118631128e+02	7.508069356e-01	5.275256437e+00	8.643087003e-01	2.807882970e+00	1.410023957e+02	6.268293179e+00	1.042475002e+01	1.463237714e+03	1.757160877e+02	4.704326256e-01	1.773969674e+04	1.278788400e+03	1.131285857e+02	5.205979321e+01
1.247199533e+01	4.714587632e+00	1.353890367e+01	9.091623490e+00	4.129621511e-04	1.176657946e-04	6.410622178e-02	1.207929450e+00	2.754498266e-01	3.131870097e-01	5.312186138e-01	1.036423246e-01	2.025892552e+03	2.064231367e+02	6.282905396e+01	3.637295004e+00	5.121534866e+00	2.697984096e+01	1.078839354e+02	1.645949196e+00	1.022300098e+00	2.874287268e-01	2.441239891e+02	3.235717164e+01	1.091100854e+01	7.246074464e-01	4.558024288e-01	3.598021328e-01	2.179538149e-01	3.654390275e+01	5.511213347e+01	4.790364503e+00	4.853588452e+01	2.928928501e+02	3.286215955e-01	2.639592381e+01	9.514032449e+02	2.692593031e+03	2.473383547e+00	5.426360402e+00	4.397786176e+00	1.054449685e+01	1.924915417e+00	1.256767068e+01	1.653385669e+01	1.211957470e+03	4.602848043e+02	5.763794649e-01	1.539743734e+04	1.477892416e+03	3.246250916e+01	3.528805859e+01
1.530264685e+02	1.019770527e+01	9.004641816e+00	8.397126146e+00	1.536292505e-03	6.170056327e-05	2.429105134e-03	5.506227718e-03	4.947485813e-02	4.530543404e-02	7.216043271e-02	4.067119209e-01	6.326316352e+02	3.743388340e+02	4.204366542e+00	1.067337969e+04	5.934074525e+02	6.400058401e+02	3.721625248e+02	2.861448462e-01	8.013747967e-01	6.892169687e-03	6.658524685e+02	2.408383280e+01	4.455459483e+00	6.782858415e-02	1.083667663e+00	3.030842209e-02	2.639155445e-01	8.602290220e-01	8.289358397e+01	2.611276229e+00	1.347166521e+02	3.533534680e+02	2.097534998e-01	1.250436845e+01	2.205596612e+04	1.014514258e+04	4.239573278e+00	2.413005094e+01	3.203673591e+00	1.974315394e+01	2.473544631e+01	1.768512878e+01	1.101414914e+02	1.422674500e+03	2.996107255e+02	4.487038959e-01	1.594932202e+04	1.771709027e+03	1.337594480e+02	6.628677831e+01
1.196692181e+02	9.006829957e+00	1.764417178e+01	1.188375004e+01	4.947906884e-04	2.517442349e-03	1.103585582e-01	2.061710064e-02	7.825015346e-02	5.870353503e-02	1.539408649e-01	7.146069340e-01	2.202051898e+03	7.413316786e+01	3.572119778e+01	7.261122474e+00	2.463614691e+01	1.815041884e+02	7.877590169e+01	2.451185945e-01	1.052344370e+00	5.209936911e-01	2.659349799e+04	5.142137749e+02	4.377853083e+00	3.293634571e-01	3.020196233e-01	1.872171059e-01	2.808288959e-01	6.613475429e-01	1.167512116e+02	2.293846726e+00	2.230755147e+02	7.159376793e+00	1.077489050e+00	1.399190206e+02	2.241316996e+03	1.816222958e+03	5.713703868e+00	6.861065954e+01	1.854966616e+00	9.216894776e-01	3.898487370e+01	9.741399443e+01	2.945159631e+04	2.117824267e+03	2.352125895e+02	6.979202924e-01	2.530479839e+04	1.255752263e+03	1.312007346e+02	4.887274221e+01
5.129357709e+01	9.397202968e+00	1.755517846e+01	7.699509900e+00	5.620752724e-06	3.050099149e-05	4.360166561e-02	1.561152658e-02	5.234725207e-02	3.311624721e-01	5.548544811e-01	3.229636980e-01	3.540053212e+04	2.271452339e+02	5.341457428e+01	2.422553368e+01	1.285204706e+01	1.306775950e+02	2.909338692e+01	3.207048218e-01	1.130680620e+00	3.168613183e-01	7.581730304e+02	1.385788514e+01	8.541942049e+00	1.578003391e-01	1.272689115e+00	9.218831302e-01	5.744650437e+00	1.146192303e+01	7.592601582e+01	3.421390565e+00	2.234716510e+02	9.834348958e+01	2.277381956e-01	2.040275465e+02	1.048217245e+04	4.617065039e+03	1.110964548e+00	1.730089027e+00	3.610147927e+00	5.058566671e+00	6.177730460e+01	9.145752943e+00	1.001214243e+02	1.613792476e+03	4.939224707e+02	1.903056725e+00	4.342289618e+04	1.840608263e+03	4.546201306e+01	8.206513547e+01
5.366898008e+01	2.030585307e+00	1.819768861e+01	3.039626975e+01	6.937550718e-03	5.825483945e-04	1.010368776e-02	9.555862044e-03	4.988922932e-02	6.074318796e-02	3.557319451e-01	1.373648165e-01	1.447756932e+03	1.077650889e+02	2.050040559e+01	2.992226803e+00	6.632064050e+00	7.093493362e+02	6.441301975e+03	1.401257641e+00	1.950250277e-01	1.257523981e-01	1.439424738e+03	2.471549276e+01	6.299350316e+00	4.767728873e-02	3.320941041e+00	1.715170305e-01	1.630161706e-01	1.043309001e+00	1.545616746e+02	2.386110371e+00	2.875430139e+02	7.964394427e+02	3.726486270e-01	5.131631417e+02	1.260730491e+04	1.419026291e+03	1.728946825e+00	4.232416824e+01	2.628685066e+00	1.930177478e+01	4.011429342e+01	5.861732467e+00	8.455474543e+00	9.134116543e+02	3.517781283e+02	7.986327978e-01	1.401868286e+04	1.150323324e+03	1.712972303e+02	1.018302455e+02
7.592447136e+02	2.060211817e+00	1.413976576e+01	1.349927169e+01	2.185199657e-04	1.006380024e-04	1.616732107e-02	1.365989576e-02	3.307233071e-01	7.554978122e-01	1.876216104e+01	1.703679499e+00	1.847313388e+03	2.657549722e+02	4.218486906e+01	2.167849070e+01	2.109314068e+00	3.609035371e+02	2.489850331e+02	4.133619157e-01	2.647989327e-01	4.919484503e-01	9.535206998e+03	3.785349789e+02	5.009881697e+00	6.654123552e-01	1.004459163e+01	4.473215887e-01	1.950924750e+00	4.937127692e+00	1.007045408e+02	2.495217507e+00	6.539299685e+02	3.831548308e+02	2.564609468e-01	4.247271132e+01	2.188594810e+03	2.425507303e+03	4.934169345e+00	1.995368889e+02	4.048289313e+00	4.652368751e+02	8.768049537e+02	7.570784187e+01	6.622262303e+02	1.292605479e+03	5.063967291e+02	3.042992162e+00	3.919188215e+04	1.719989096e+03	1.223587002e+02	1.977586014e+01
1.069963839e+02	4.904970624e+00	1.369980903e+01	2.591679359e+01	4.748044869e-03	1.366637566e-04	6.316891620e-03	4.974814336e-03	8.975389641e-02	1.473845186e-01	1.195723430e-01	1.013489671e-01	7.367364615e+02	2.591666460e+02	5.191709516e+01	2.024575176e+02	8.813308893e+01	1.959163917e+02	2.474104866e+02	1.267146550e+00	6.503804037e-01	8.401080689e-01	4.290489437e+02	2.290158893e+01	3.077373127e+00	3.777300990e-01	3.504649528e+00	5.707146152e-01	1.543570869e+00	4.046040759e+02	1.126216361e+02	2.140043673e+00	9.600832308e+02	4.335905382e+02	1.568638770e-01	8.807955302e+00	1.133516152e+02	2.525193164e+03	9.823162870e-01	1.603725382e+01	1.851442512e+00	4.217672697e+01	1.877306970e+02	7.301431871e+00	1.351852555e+03	1.397254675e+03	2.163097269e+03	1.510626525e+01	4.921317863e+03	7.087695550e+02	6.936647629e+01	1.492982869e+01
9.848003238e+00	6.152860451e+00	3.661248611e+01	4.719527459e+01	9.238583050e-03	2.266414866e-04	2.638676555e-02	1.223140383e-01	2.047485959e-01	2.762924546e-01	3.413998277e-01	1.622400406e+00	2.001913641e+03	4.909332162e+01	1.955527101e+02	5.908377909e-01	3.811045186e+00	6.348512506e+01	1.369544515e+01	1.494700129e+00	1.754529437e+01	1.101051057e-01	1.630766211e+03	7.756945038e+00	5.372992157e+00	2.107846596e-01	2.471170435e+00	9.505493039e-01	4.490550213e+00	8.355624724e+00	1.094715855e+01	1.632548899e-01	7.491329008e+01	1.972100598e+02	3.641671731e+00	2.031332730e+02	2.026333149e+03	6.930067388e+02	3.046489759e-02	7.408552252e-01	8.484829747e-01	2.449499497e+00	2.283243747e+02	2.955027047e+00	8.041987048e+00	2.603620004e+03	2.081617089e+02	3.972348994e-02	2.135655528e+04	2.014322241e+03	4.658077555e+01	7.023598131e+03
4.934804970e+00	1.273829639e+00	2.080921846e+01	6.455919937e+00	6.492411706e-04	2.071761486e-04	4.127482362e-03	4.659152902e-03	4.621236825e-03	1.386681810e-01	2.233648852e-01	5.059522296e-01	3.925644533e+03	6.703377801e+02	1.058016488e+01	3.900561351e+00	1.694854334e+01	5.753962884e+00	6.903007943e+01	1.990928993e+00	1.093867668e+00	4.075382274e-01	4.653114547e+02	5.105110631e+00	1.048430329e+01	4.540674337e-01	2.487726290e+00	8.743031500e-01	2.834522232e-01	1.728124890e+00	1.400271862e+02	2.331269230e+00	7.762423369e+01	1.788837630e+02	6.179767111e-02	4.953471510e+00	8.115960072e+03	4.240381407e+02	1.938873001e+01	2.279020549e+02	2.798689940e+00	6.544118880e+00	7.218099592e+01	1.183337830e+01	1.359288696e+01	1.172007934e+03	3.262363555e+02	9.819661042e-02	1.437582445e+04	1.550215386e+03	1.209609364e+02	5.297753830e+01
1.238885672e+02	1.104153366e+00	6.602506951e-01	2.569278697e+01	2.576798110e-03	7.905227151e-04	1.221046511e-01	1.435402694e-01	2.609928845e-01	7.613433281e-02	2.745906219e-01	2.683505389e-01	5.030248398e+03	3.441202250e+02	7.961129254e+01	3.450131423e+02	7.562855634e+00	2.922652150e+03	1.064591522e+03	1.060613301e+00	2.734380308e+00	6.462989199e-01	2.067865259e+03	1.486201992e+01	4.784853877e+00	1.434120735e-01	3.976541080e+00	3.357770024e-01	6.751237493e+00	9.678689165e+02	6.709631872e+01	2.694507967e+00	2.716361794e+02	3.778756977e+01	1.324943582e-01	8.118340213e+01	1.041028485e+04	4.584477872e+03	2.435546977e+00	8.113655442e+01	7.087821552e+00	1.606961854e+01	4.324286787e+02	2.973871711e+02	8.071833564e+01	2.005006489e+03	3.423927705e+02	2.346219971e-01	4.973754026e+04	2.517660978e+03	1.338822100e+02	4.663919522e+01
7.407699408e+01	8.147729928e+00	1.718102623e+01	7.036394200e+00	1.003453155e-03	1.692411571e-04	1.732423438e-02	1.169287223e-02	8.982080391e-02	2.704404682e-01	4.347131775e-01	8.590511880e-01	5.217223328e+02	1.083974856e+02	2.977384147e+01	7.620891855e+00	2.198062103e+00	2.247245591e+02	1.857372437e+02	4.192496673e-01	4.351083179e-01	9.381407127e-01	1.213826071e+04	8.250380590e+01	1.039449954e+01	1.800388999e-01	1.105767043e+00	3.789813450e-01	7.638762777e-01	1.480139154e+00	1.265034770e+02	2.090161868e+00	1.166970669e+03	5.756253652e+03	6.962002634e-01	1.759057742e+02	5.197730497e+03	2.292426024e+03	2.337811761e+00	1.577593944e+01	1.228563354e+00	1.246511437e+01	1.237007011e+01	9.308103765e-01	1.246939880e+02	1.070910391e+03	4.094955392e+02	6.287760962e+01	2.406564477e+03	1.632599647e+03	1.522866585e+02	8.063263011e+01
6.130950413e+01	4.057452939e+00	1.277322347e+01	8.164389905e+00	2.343321899e-03	5.363847187e-04	7.199690509e-02	2.590948875e-02	7.710612058e-02	1.062294356e-01	2.372966016e-01	8.415531530e-01	1.584239780e+03	2.989853583e+02	9.414572441e+01	8.202163247e+01	1.488549991e+01	1.051026686e+02	1.672971925e+02	1.342795565e+00	1.318306007e+00	2.086766223e-01	1.164646962e+03	2.873409528e+00	6.425367576e+00	7.050876707e-01	4.295171834e+00	6.918501373e-01	1.085218855e+00	2.528993483e+00	9.087475384e+01	2.670060162e+00	5.609729223e+01	7.584308858e+01	5.628563484e-02	2.237962885e+01	6.655877037e+03	1.626870695e+05	9.714865020e+00	3.163874346e+01	3.712807507e+00	9.582705986e+00	7.952707035e+01	4.418319745e+00	3.294576245e+01	1.952832052e+03	4.855870215e+02	1.562350755e-01	3.004855825e+04	1.705886870e+03	1.069979311e+02	1.452231015e+01
2.354923124e+01	5.875423930e+00	8.040504993e+00	1.912705474e+00	5.639532800e-04	4.410236743e-05	4.447998551e-03	2.754305921e-02	1.265509521e-03	1.778506352e-01	5.873629121e+00	1.099177612e+00	2.099140272e+03	2.371281515e+02	8.255828282e+01	2.563918596e+00	1.767467529e+01	1.594838115e+02	1.559936243e+02	4.006589856e+01	6.068837103e-02	3.023121169e-01	1.425950173e+03	5.082297109e+01	4.544181207e+00	1.198943980e-01	5.603296520e+00	1.079195972e-01	8.181947975e+00	5.890834825e+02	7.064153409e+01	2.382111926e+00	4.478926386e+02	6.033993650e+01	8.036409685e-02	2.687748221e+01	4.472592619e+03	1.555143499e+03	3.680947594e+00	9.210759012e+01	5.229457132e+00	2.918183910e+02	6.709376173e+01	4.608823679e+01	7.562581553e+01	1.845440484e+03	4.244817095e+02	1.141937628e+00	1.707793825e+04	1.662801281e+03	8.067162529e+01	3.402915708e+01
9.327454300e+01	8.984152066e+00	7.062260533e+00	4.757450537e+01	6.983066770e-03	1.024449897e-03	5.038517973e-02	2.064096089e-01	3.864167008e-01	2.545775433e-01	8.596929076e-01	1.655159182e+00	8.097673332e+02	8.288893793e+02	3.211169493e+02	1.393314750e+00	3.429540198e+01	1.864766810e+02	4.929323551e+01	1.674586581e+00	1.430418980e+00	7.898705332e-02	3.494731707e+03	1.297028093e+02	3.285883485e+00	2.456311470e-01	3.896585528e+00	9.960266979e-01	5.402187054e-01	3.430449533e+00	5.532734633e+01	1.499405852e+00	7.773825763e+02	2.107041187e+03	4.185057159e-01	1.082704683e+02	5.769246524e+03	3.923305004e+03	2.787391400e+00	3.275602570e+01	1.098121786e+01	7.017253705e+00	6.296497825e+01	8.250960717e+00	6.874226708e+02	5.019845331e+03	6.849864497e+02	1.094419253e+00	2.695145174e+04	3.297097314e+03	9.286476658e+01	3.042984492e+00
8.994709986e+01	1.505182235e+00	2.376451023e+01	1.140397337e+01	8.471290230e-04	3.271505831e-05	7.964695805e-03	4.769961411e-02	1.223517873e-01	4.051933978e+00	6.752626095e-01	9.145258712e-01	9.921550988e+02	2.564871974e+02	7.794275653e+01	1.404099467e+01	8.341252135e+00	1.758120684e+03	2.797464936e+02	5.990465503e-01	1.004417656e+00	1.082805745e-02	2.106423050e+03	2.653875676e+01	2.216495965e+00	2.064014087e+00	7.158233896e-01	5.039132521e-01	1.563360535e-01	1.081726522e+00	1.970521417e+02	2.681344887e+00	3.348125126e+00	1.686719682e+03	1.981997278e-01	1.961938618e+01	2.219247172e+04	4.651826552e+03	9.279966750e-01	1.978171126e+01	3.555558052e+00	8.492625333e+00	5.246136219e+01	2.899347678e-01	2.404224804e+00	1.522020344e+03	2.951800273e+02	5.933547412e+00	3.277295322e+04	2.077842623e+03	1.764308572e+02	7.871501164e+01
3.661979187e+01	6.900472559e+00	4.360664902e+01	3.059251646e+01	1.181862448e-02	6.527617215e-04	1.397296405e-02	1.469908545e-01	4.273962012e-01	2.743951691e-01	1.789089999e-01	3.719258272e-01	1.001892977e+04	3.165575349e+01	3.431187387e+02	2.448591169e+02	5.444692618e+00	2.932538004e+01	3.171083919e+01	7.220409431e-01	3.641398239e+00	2.429093577e-01	2.994526869e+03	1.381747227e-02	1.889344928e-01	1.335171123e-01	8.528333947e+00	1.548406985e+00	9.936484935e+00	5.760361577e+01	8.132816190e+01	1.848040145e-02	6.842149337e+00	5.018238406e+01	3.218852505e+00	1.096523994e+03	2.715757226e+03	1.537654502e+03	1.355317746e+00	1.794264109e-01	2.045884673e+00	6.734932648e+00	2.880007192e+02	6.225885829e+00	4.835578676e+00	3.397966308e+03	1.677871818e+02	6.374072188e-01	2.596464753e+04	3.097981107e+03	6.081726699e+01	9.086664529e+01
1.153550768e+01	1.277013072e+01	1.699076847e+01	2.564746534e+01	7.609191413e-04	3.896991332e-04	3.497457398e-02	1.651326201e-02	3.662497781e+00	2.304281513e-01	2.136332568e-01	1.791016721e-01	1.082675549e+03	1.212129248e+02	2.129892784e+01	2.704736304e+01	1.468345621e+00	3.000577931e+02	4.307515320e+01	9.403990500e-01	1.776375705e+00	1.312418790e-01	7.231403313e+02	1.500590726e+01	8.751864451e+00	4.228415130e-02	1.519567942e+00	3.153505693e-01	7.455234102e+00	3.334493456e+00	2.218038759e+02	3.440384730e+00	9.164205138e+02	5.908855261e+01	1.208007860e-01	3.605669842e+01	6.995867691e+03	2.572113885e+03	1.095148837e+00	4.868028315e+00	1.614644138e+00	1.569082707e+00	6.979752637e+02	1.405198101e+01	5.966139776e+01	9.376654161e+02	2.542388910e+02	2.370111263e-01	1.616554835e+04	1.106313230e+03	2.321038521e+02	1.470279518e+02
2.181286869e+02	5.174688810e+00	1.337067199e+01	2.324369645e+01	1.217161555e-03	4.220196426e-04	2.761855289e-02	1.531031247e-02	4.220552475e-02	2.050784757e-01	6.493637759e-02	5.451661949e+01	1.564609468e+03	2.122002825e+02	9.137589862e+01	2.071623194e+00	2.870589264e+01	2.421371742e+01	6.031925225e+03	3.377028691e-01	7.122245399e-01	9.965813526e-02	7.809523111e+02	3.841051073e+00	8.953091350e+00	8.694816216e-02	1.487791342e+00	1.823331873e+00	7.206187617e-01	6.001931696e+01	1.009138269e+02	3.264172157e+00	1.038543072e+01	1.814641204e+02	1.079556666e-01	9.602155313e+01	1.158893779e+02	3.958223355e+03	5.101997723e+00	2.644663868e+01	2.322814741e+00	1.466896864e+01	2.795653433e+01	4.231176576e+00	2.397416804e+01	3.713184116e+01	3.295799489e+02	3.505633706e+00	2.031838061e+04	2.053351174e+03	1.199020052e+02	5.234693430e+01
2.196172820e+01	1.226294859e+01	4.561555282e+01	4.142884683e+01	8.238426716e-03	5.612119445e-04	3.067367666e-02	7.324066373e-02	2.362462009e-01	2.373971727e-01	2.341440270e-01	1.125798537e+00	4.329109421e+03	1.180657971e+02	1.010689887e+02	1.356974052e+01	1.311825813e+01	1.942311104e+02	2.259818853e+01	5.793263983e-01	7.984846060e-02	2.533303759e+00	2.880254190e+03	3.348728890e+00	2.809316345e+01	1.171242788e+00	2.143086086e+00	4.768401517e-01	1.013292644e+01	4.400744492e+01	2.129873492e+01	2.212711017e-01	1.002329942e+02	7.245781846e+01	1.667336341e+00	3.668126347e+02	5.805106755e+02	1.064645274e+03	1.907521868e+01	2.325547895e+01	1.927783557e+00	8.500907308e+00	1.901913262e+02	1.582296015e+01	4.566137886e+01	1.970560433e+03	2.531779742e+02	9.108783342e-02	7.419528998e+04	2.056269304e+03	1.869011639e+01	3.002627618e+01
4.195467801e+01	4.299853052e+00	3.942445989e+01	8.526027533e+00	9.737104614e-03	7.294143946e-04	5.325003426e-03	7.834358697e-02	2.034765028e-01	3.745461764e-01	4.035183576e+00	1.163511908e+00	2.782419458e+03	4.595182235e+02	2.365438529e+02	5.100548218e+00	4.818629936e-01	3.312262115e+02	8.897181852e+01	3.425218502e+00	2.243061420e+00	1.904889434e+00	4.839863917e+02	3.984885594e+01	4.664898627e+00	2.917320914e-01	1.236840891e+00	7.136037407e-01	1.006075772e+01	1.117060793e+01	1.192908009e+01	7.915235636e-01	2.747008706e+03	5.324197868e+01	7.003946735e-02	1.864102623e+01	2.184692047e+02	2.245141911e+03	2.649869065e+00	1.345374471e-01	7.310418733e+00	1.213281658e+02	1.220864095e+02	2.221589798e+01	8.792548233e+01	2.239757341e+03	5.482191627e+02	4.693657638e-01	1.352639306e+04	2.874530383e+03	2.177447326e+01	6.454381794e+01
1.726466954e+01	1.234279953e+01	2.273258939e+01	8.843865041e+00	2.091688783e-03	1.352093679e-04	9.016060687e-03	3.222841372e-02	8.805689269e-02	2.643738356e-02	1.069028953e-02	7.902025758e-01	1.927221061e+03	2.083528161e+02	7.366590725e+01	1.021053839e+01	1.001460882e+01	7.037416702e+01	7.577096867e+01	5.249578834e-03	1.242820319e+00	5.937992432e-01	8.637108932e+02	7.176050233e+00	1.332736375e+01	2.115773872e-01	1.456337501e+00	5.935974055e-01	1.455777056e+00	4.079029096e+00	1.573185128e+02	2.812406990e+00	8.927221030e+01	5.436197710e+01	5.718296907e-01	3.343376565e+01	8.883098182e+03	4.158534359e+03	2.400343507e+00	2.056038311e+01	3.685434262e+00	7.003569103e+00	7.958411418e+01	3.915661772e+01	1.736218804e+02	1.704822547e+03	5.505152463e+02	6.315880591e-01	3.059067881e+04	2.286175111e+03	9.422854763e+01	3.913419364e+01
8.268641523e+01	1.648521466e+00	1.667524300e+01	9.518073655e+00	1.061715881e-03	5.427048880e-04	2.436664428e-02	8.592018129e-02	8.310648583e-02	2.021060850e+00	1.614851197e-01	7.795043790e-02	1.631335611e+03	3.161396306e+02	1.458089972e+02	9.782717033e+01	3.082180711e+01	2.886069072e+02	1.393929729e+02	2.958730177e-01	1.528288928e-01	2.709890167e+00	4.391590687e+04	6.269026003e+01	6.897707626e-01	2.686078087e-01	6.541148974e+00	4.556391545e-01	1.504202343e+00	1.622532200e+01	9.970748291e+01	7.419095704e-01	7.181938529e+02	8.573243221e+01	1.110406781e-01	3.087523015e+01	6.170511196e+03	3.379268562e+04	2.165089119e+01	9.698192004e+01	4.931061665e+00	7.957309264e+00	1.307140277e+02	1.710113147e+00	1.649102786e+02	2.155148377e+03	3.932542048e+03	5.667579206e+00	1.938392808e+04	2.739197751e+03	5.042964252e+01	7.300624161e+01
3.501309352e+01	3.996857821e+00	2.371538405e+01	2.273652499e+01	7.056211063e-05	4.794615615e-04	1.241224520e-01	7.318983618e-03	3.454717712e-02	1.720631556e-01	2.544157474e-01	7.037368386e-02	1.208532619e+03	1.771922495e+02	1.363034229e+01	4.438494128e+00	7.646048891e+00	4.738997194e+01	4.351090180e+02	4.303604202e-01	2.502457048e-01	8.751532017e-01	1.354736203e+03	3.463150272e+01	7.041204940e+00	2.098275886e-01	1.127670421e+00	1.147137298e-01	5.688209990e+00	5.673486462e+00	1.652924120e+02	2.141068436e+00	1.157824426e+03	6.455036701e+00	5.780643259e-02	3.659669103e+01	5.839680015e+03	2.905541695e+03	2.349855095e+00	1.799828990e+01	3.331003216e+00	6.532834665e+00	5.448395830e+01	1.175669996e+01	3.074468540e+01	1.317600389e+03	4.565932635e+02	2.898018927e-02	3.080078496e+04	1.299706985e+03	1.627766566e+02	7.781416845e+01
2.718006707e+01	1.096661123e+00	7.411444191e+00	2.866289260e+01	6.847011820e-03	5.763664967e-04	1.210640725e-02	6.988359687e-02	8.228402194e-02	4.777167229e-02	4.465216133e-02	1.594132778e+00	1.549282377e+02	1.942291549e+02	3.119121896e+02	1.263651811e+01	1.314455780e+01	1.462844681e+02	8.500507956e+01	1.333544546e+00	3.292574048e+00	3.902272099e-01	3.217257108e+03	1.154136153e+00	5.485065239e+00	3.235157721e-02	3.321863235e+00	3.781386611e-01	2.415850570e-02	8.947909899e+00	9.701889911e+00	1.318884548e+00	2.809674213e+02	4.094840709e+02	5.847275210e+00	2.101415966e+02	6.660039089e+02	2.285412264e+03	9.381307425e-01	2.306693741e+01	2.697102104e+00	4.596996431e-01	8.259734000e+02	4.897481996e+01	1.032491260e+02	2.593219796e+03	4.256022970e+02	5.244883701e-01	2.971304502e+04	2.405497267e+03	1.572070049e+01	4.273588734e+01
1.588921304e+01	4.431202113e+00	1.110109474e+01	3.735741108e+00	1.036404680e-02	1.754709383e-03	6.230499782e-02	1.370192432e-01	2.192108036e-01	1.535498954e-01	4.594053706e-01	5.364580929e-01	6.080612081e+02	4.231488319e+02	1.546461422e+02	1.528746930e+02	9.817892528e+00	5.710285678e+02	2.887554012e+02	4.197391020e+00	4.832011516e+00	2.773254543e-01	1.002691427e+04	1.923336788e+02	5.534298473e+01	3.516397019e-01	4.123518638e+00	1.003198017e+00	6.067299589e+00	1.375205953e+02	7.328352401e+01	8.601196960e-03	2.327934387e+02	8.704440933e+01	2.025850195e-01	2.095365871e+01	1.602671241e+03	4.358558938e+03	2.083840688e+00	9.308238914e+00	1.211308908e+01	4.298737945e+01	1.021986189e+02	5.621117081e+01	3.587692335e+02	4.335446522e+03	6.063088108e+02	1.292997788e+00	3.046967802e+04	3.228367897e+03	1.726765407e+01	3.817068546e+01
2.101425406e+02	1.405435858e+00	5.603226787e+01	5.342546791e-01	1.177213079e-02	6.913028073e-04	1.936737927e-02	7.358637678e-02	8.429743801e-01	2.923562359e-01	1.773263508e-01	1.066300253e+00	1.885982810e+03	7.528924990e+02	1.918409912e+02	3.618426552e+01	2.051262100e+01	1.022488069e+02	3.019040331e+00	7.757872110e+00	1.297977470e+00	5.500329312e-01	8.548103032e+02	1.771502855e+00	1.410829386e+00	6.798433198e+00	2.090686271e+00	1.134377523e+00	3.018322243e-01	1.447503083e+01	1.903304926e+01	2.118942034e+00	6.256565396e+02	8.443760662e+00	1.324492648e-01	2.302546404e+01	4.460947391e+03	3.456868013e+03	6.339112578e+00	6.649337249e+01	7.927882557e+00	2.155177767e+01	1.681739829e+01	1.047581066e+00	7.629351642e+01	2.000990343e+03	3.442142871e+02	2.022017805e+00	1.238232330e+04	2.316196432e+03	4.979778987e+01	6.956770985e-01
7.411046109e+01	1.337718714e+00	1.057223729e+01	1.572814541e+01	3.806690398e-03	7.201057303e-04	1.277950362e-02	1.081370476e-02	3.898502639e-03	2.251883005e-03	3.949182423e+00	7.415829023e-01	9.945463351e+02	9.686662855e+01	8.137217793e+01	1.763145263e+00	1.249112015e+01	5.124107347e+01	1.254199424e+02	1.344906136e+00	3.357111151e+00	5.086937424e+00	2.537066701e+03	1.706335844e+01	6.064669123e+00	6.575081572e-02	2.386007601e+00	1.230795880e+01	3.985985603e-01	3.435591599e-01	1.047639118e+02	3.021515359e+00	1.169311429e+02	6.744265982e+02	1.624395423e+00	5.748295031e+02	1.989565190e+03	1.875261125e+03	1.693962024e+00	2.398019216e+01	4.641489698e+00	4.842500776e+01	2.979384194e+01	2.606616946e+01	5.977564366e+01	1.502327390e+03	3.805644881e+02	1.446370115e-02	2.037959091e+04	2.328319451e+03	8.267468867e+01	1.666547522e+01
8.488883852e+01	1.867424157e-01	1.033507049e+01	7.263395926e+00	1.505816692e-03	1.348804320e-04	1.988430719e-02	7.882259486e-02	5.918096959e-01	3.058115026e-01	2.314171594e-01	7.198977841e-01	2.410246332e+03	2.493679898e+02	8.696523225e+01	1.818724675e-02	1.126013541e+01	2.077472486e+02	5.288993750e+02	2.628023629e-01	2.551707571e-01	3.207421631e-01	1.991401404e+03	2.525390046e+02	1.082232279e+00	2.515950946e-02	2.249739925e+00	3.545599372e-01	6.330546089e+00	1.203099503e+01	3.156915757e+01	3.892363495e+00	1.681545714e+02	4.167699036e+01	1.031653055e-01	1.022706319e+01	1.510134137e+04	4.186371452e+03	1.142412126e+00	7.549974302e-01	4.129554520e+00	3.450985478e+01	2.464322692e+02	2.185938619e+02	6.866731602e+01	2.339078426e+03	4.704087624e+02	9.609131012e-01	2.980565407e+04	2.332707229e+03	1.054549901e+01	1.074993451e+02

 Scaled (in input direction) absolute effects:
Biom peak:
1					2					3					4					5					6					7					8					9					10					11					12					13					14					15					16					17					18					19					20					21					
22					23					24					25					26					27					28					29					30					31					32					33					34					35					36					37					38					39					40					41					
42					43					44					45					46					47					48					49					50					51					52
1.150201137e+02	7.603487373e+01	9.536085573e+01	1.158277036e+02	5.756332707e+01	1.831838424e+02	1.659384285e+02	1.572589793e+02	1.728698103e+02	1.467482243e+02	1.615951813e+02	1.293075487e+02	2.415472877e+02	7.995074535e+02	4.945329740e+01	2.175375308e+02	2.551967106e+02	3.015350690e+02	3.034102069e+02	3.812707068e+02	2.523020396e+02	3.542418814e+02	4.634130731e+02	5.363794982e+02	1.277180570e+02	7.482477850e+02	1.007794627e+02	1.131061519e+03	1.809612099e+03	2.664277806e+03	7.028980512e+03	1.012822719e+04	3.109364782e+03	1.673404236e+03	1.191192030e+03	1.001758081e+03	7.673108853e+02	5.405086334e+02	5.384244195e+02	6.350165598e+01	1.313531880e+02	6.455182624e+01	7.097392527e+01	6.793574319e+01	6.367884478e+01	7.187070392e+01	3.135988737e+02	6.989893505e+01	1.256049993e+01	4.165928454e+02	3.726798940e+02	1.618794935e+02
8.714567933e+02	1.899695481e+03	1.549035047e+02	5.800788577e+00	3.064227810e+01	1.426166483e+02	6.935258094e+01	7.585900742e+01	5.283969142e+01	3.511507483e+00	3.301248325e+01	6.528637049e+01	2.196852577e+02	8.585280061e+02	3.782294685e+02	1.080847210e+01	5.724123184e+00	2.285024740e+01	1.929033103e+01	3.368451603e+01	1.443466006e+01	4.485115522e+01	4.016124581e+00	3.235675503e+01	1.892106525e+01	1.903805416e+01	1.778176381e+01	3.236997137e+01	1.783426510e+01	3.805219371e+01	3.149607231e+02	1.387448025e+02	2.744515819e+00	2.068748588e+01	8.582363592e+01	3.097242253e+01	3.801432917e+01	9.706934146e+01	2.494952569e+01	1.953245104e+01	9.185398064e+01	1.824807839e+01	2.184618836e+01	1.136169452e+00	1.914938351e+01	1.116600610e+02	2.396769231e+02	1.069588876e+01	6.981915976e+01	2.828780374e+02	3.768365213e+02	1.112785030e+02
1.400768110e+01	6.141784008e+01	2.247081313e+02	2.391460284e+01	4.413273118e+01	2.273110168e+01	4.275674999e+01	5.623635496e+01	2.279752039e+01	4.960073637e+00	5.450271430e+00	6.284532956e+01	2.871083639e+00	5.076174902e+02	1.420197657e+02	1.479944282e+01	4.669715981e+00	1.134890874e+01	9.636724266e+00	7.016196330e+00	5.554818019e+01	6.374476998e+01	9.337964694e+00	1.226805216e+01	1.057801624e+01	3.197468706e+01	1.518623401e+01	1.532874249e+01	1.036756272e+01	2.172123978e+01	7.320328867e+02	1.392294134e+02	2.278657951e+01	1.092088821e+01	2.923678275e+01	4.960392340e+02	9.240781524e+01	1.210649933e+02	1.771830406e+01	1.564982051e+01	8.761967867e+01	2.019080743e+01	3.382683720e+01	7.934490910e+00	2.245578965e+01	1.172587396e+02	2.485355655e+02	8.955111488e+00	4.669250849e+01	3.786495025e+02	6.290035298e+02	2.089315701e+02
6.873578311e+01	8.579982995e+01	4.281627255e+02	2.883836951e+01	4.849898088e+02	1.022010616e+02	8.402110341e+01	1.407100435e+02	4.729518395e+01	1.547469548e+01	8.348086837e+01	3.137005496e+01	2.235053783e+02	1.977868574e+01	4.136734045e+02	1.740876962e+00	6.209794759e+01	3.471237963e+01	3.787957121e+01	5.698917480e+01	9.204579071e+01	7.964731646e+01	5.290733520e+01	4.911082547e+01	2.508551224e+00	3.091028566e+01	3.387411825e+00	4.251076012e+01	4.453589513e+02	2.392501607e+02	4.207263720e+02	1.564888476e+01	8.524097824e+01	3.232078142e+01	7.155244993e+02	1.358612802e+03	2.444714181e+01	3.689542202e+01	5.153447256e+01	8.518028142e+01	4.220299083e+01	1.039462920e+00	1.209696362e+01	8.540990554e+01	8.319522396e-01	1.872898724e+02	1.055286130e+02	1.354976940e+01	1.229548066e+02	2.011068989e+02	1.253428928e+02	2.293910552e+02
3.939306520e+00	1.338368517e+01	8.928131829e+01	5.173920079e+00	8.080263414e+00	2.127271673e+01	3.323196226e+01	2.792936686e+01	2.077467942e+00	7.052241826e+00	3.808159737e+00	5.914000245e+01	8.992360994e+01	4.165828268e+02	1.970460616e+02	5.805567202e-01	2.232311080e+00	1.337292448e+01	1.769064921e+00	1.794077113e+01	2.775786470e-01	1.686121463e+01	1.442469214e+01	2.670943634e+01	3.226306458e+00	4.374295166e+00	1.229115138e+01	2.922874802e+00	3.852226332e+00	4.225672025e+00	5.721482382e+02	1.395264125e+02	1.854075857e+01	5.588278306e+00	3.313906873e+01	3.590344343e+01	4.918217483e+01	8.532226814e+01	1.448447117e+00	4.431458615e+00	4.986683985e+01	3.318521956e+00	1.215992221e+00	1.059902433e+01	5.530189910e+00	1.134097908e+02	1.917404906e+02	1.805860600e+00	4.991097926e+01	3.682695402e+02	5.205427072e+02	1.797978385e+02
3.904066022e+01	1.101827259e+02	2.022099417e+02	5.969705140e+00	2.912649027e+01	2.131743830e+01	2.324643763e+01	4.568489092e+01	7.926013226e+00	6.017457700e+01	6.344400997e+01	1.723941593e+01	5.518822542e+01	4.054657985e+02	1.452301441e+02	2.880793809e+01	3.039596126e+00	4.920636748e+01	7.050924706e+01	1.703378553e+01	5.728798310e+01	3.367947307e+01	2.534796954e+01	1.046590847e+01	4.812299243e-01	1.020652465e+01	1.709026424e+01	1.796828360e+01	1.400508968e-01	1.200081924e+01	4.053093559e+02	1.780023088e+02	1.339402660e+01	2.920862696e+01	9.929244814e+00	2.706143834e+01	6.127724682e+01	1.255472098e+02	1.271349457e+01	1.265468470e+00	4.452615411e+01	1.711276763e+01	8.177803196e+00	1.974886542e+01	1.383879019e+01	6.823049999e+01	2.354255210e+02	5.876566116e+01	1.341602989e+02	3.453826415e+02	3.941578002e+02	1.233181520e+02
6.624352443e+00	1.868486528e+01	1.143902827e+02	7.944246677e+00	5.239971163e+01	2.845050355e+01	2.293335494e+01	8.111104059e+00	4.214134774e+00	2.416926175e+01	4.955491357e+00	2.507744538e+01	5.594122489e+01	6.410510799e+02	1.464919910e+02	2.032091185e+00	2.207538665e+01	4.419830824e+00	4.244897246e+01	2.109566189e+01	7.715069091e+01	3.572341114e+01	2.012655635e+01	5.905118932e+00	7.106050769e+00	2.786567541e+02	1.006806373e+00	4.888140621e+02	9.206411398e+02	1.130380078e+02	3.601867251e+02	3.372970706e+02	5.825249537e+01	1.902961619e+00	2.580612921e+02	5.382241835e+02	5.792561832e+01	1.004655075e+02	1.872637141e+01	2.513479591e+01	9.960404075e+01	2.948063694e+01	2.619779125e+01	2.987354446e+01	2.092699308e+01	1.641635373e+02	3.034606714e+02	1.231676614e+01	8.261369443e+01	3.842526168e+02	3.110151940e+02	8.791045164e+01
1.683356014e+01	5.992042344e+01	5.079106614e+01	5.024916435e+01	6.566748633e+01	4.812257382e+01	9.299714758e+01	7.467590489e+01	2.900546047e+01	1.256868212e+00	1.594735230e+01	1.491341996e+02	1.794185124e+01	6.606238582e+02	5.632990117e+02	1.933543453e+01	2.214052118e+01	1.101105226e+01	3.764312996e+01	6.628378055e+01	7.351745095e+01	1.005310431e+02	6.010010655e+00	8.291208251e+00	4.504267769e-01	2.095116815e+01	1.251395099e+01	2.087365785e+01	5.266833101e+01	5.474601695e+01	1.920113727e+02	1.334761900e+02	1.206920574e+00	2.055124529e+01	6.800512709e+01	1.734014394e+01	4.552173326e+01	1.237028634e+02	8.804922938e+01	1.482313717e+02	1.931214113e+02	4.073839856e+00	3.848360767e+00	1.123928656e+02	2.089687129e+02	5.439033010e+01	1.168415513e+02	1.804806214e+01	5.945226191e+01	8.565587713e+02	2.260080419e+04	4.230221603e+02
6.853094012e+00	7.485462633e+01	1.252144573e+02	6.502427149e+01	2.387865860e+02	6.666736373e+01	6.873033731e+01	3.352559892e+02	5.629924469e+01	8.631042038e+01	1.328091270e+02	2.836846638e+02	1.890546407e+02	7.864766734e+02	1.105869500e+03	2.224076191e+02	1.572154068e+02	2.514253054e+02	3.951796122e+01	2.855564617e+02	3.630926983e+01	1.689045633e+02	3.913931948e+01	3.389057508e+01	1.886976870e+01	5.445181680e+01	3.146075751e+00	5.244592311e+01	3.150052931e+01	9.699180194e-01	5.247486729e+02	1.633015379e+02	4.085074430e+01	1.122659361e+01	4.577964436e+01	1.331230736e+02	1.735875403e+02	2.294098538e+02	3.715444082e+00	2.106430625e+01	1.572093235e+02	1.967211226e+01	2.870453877e+00	1.725035141e+01	2.983889759e+01	2.891917599e+02	4.906453702e+02	9.335292120e+00	9.654517879e+01	5.101895418e+02	1.349392272e+02	9.508715286e+01
9.318048339e+01	8.470112674e+01	5.295918518e+02	1.229785838e+02	4.384334730e+02	1.877770121e+02	6.671070969e+01	3.262604974e+02	1.546691869e+02	6.052115807e+01	3.803306671e+01	3.497118677e+02	2.944567808e+01	1.164265681e+03	9.499123076e+02	5.495399342e+02	4.412639114e+01	4.811637007e+00	4.161986067e+01	1.753360650e+01	5.566083182e+01	2.261886691e+02	5.633283170e+00	2.909893972e+01	8.498738951e+01	2.307705928e+03	2.140096791e+01	1.616014452e+02	6.258699489e+02	1.872947846e+03	7.225704848e+02	3.264265160e+01	4.501046702e+00	7.923683999e+01	3.447709539e+02	2.442178015e+03	8.988885755e+00	1.969343542e+02	4.481663200e+00	5.881798772e+00	1.922010587e+02	1.065325202e+01	2.245416388e+01	3.043194222e+01	1.115637325e+00	3.518945824e+02	6.905132725e+02	7.597207545e+00	1.909876864e+02	7.173896250e+02	4.203496399e+01	6.597723551e+01
4.748823223e-01	8.747149488e+01	1.625425422e+02	1.266988491e+01	4.181632702e+01	1.408089341e+01	4.184368751e+01	5.803760537e+01	2.924527084e+01	1.359788684e+01	6.740250802e+01	1.546575780e+02	6.171627680e+01	4.466779810e+02	3.370989043e+02	5.541447558e+00	1.603236391e+01	2.511342555e+00	1.305932475e+01	1.810642447e+01	1.062292996e+01	1.162136620e+01	1.769260602e+01	1.703694196e+01	6.900138675e+00	3.108084457e+01	7.898363158e+00	4.771895039e+00	1.037566806e+01	2.141514822e+01	4.886660608e+02	1.123374788e+02	3.564014086e+00	1.931889185e+01	3.914139967e+01	1.134274367e+01	2.165515005e+01	1.837954204e+02	4.273826674e+01	1.626375129e+01	1.184695349e+02	9.068294615e+01	8.724059193e+00	6.995245349e+01	7.682974392e-01	1.456975931e+02	1.897535589e+02	1.003298857e+01	8.957206802e+01	3.153594748e+02	5.311347035e+02	1.661174852e+02
1.648796170e+01	1.349048726e+02	6.270098813e+02	9.265115301e+00	4.505980464e+02	8.091252742e+01	4.057898077e+01	2.249220563e+02	1.234158181e+02	5.946979910e+01	9.382359302e+00	1.278007049e+02	1.033889371e+02	1.681577620e+02	9.900937390e+02	1.890578329e+02	6.793403176e+00	1.802255470e+01	1.062734645e+01	7.415086882e+00	1.917795085e+02	6.115892119e+01	6.881105859e+00	1.891087945e+01	5.531973807e+00	1.740082197e+01	5.678681264e+00	3.924555100e+01	1.136279931e+02	8.058758968e+01	8.569452032e+01	4.904138720e+00	8.804000361e+00	4.933341112e+00	8.579084690e+02	2.166633944e+03	2.378871135e+00	2.098638762e+01	4.564906168e+00	4.600023613e+00	1.717899973e+01	3.229065416e+00	3.384057497e+01	6.728385899e+00	1.939003503e+00	1.316913943e+02	1.405728701e+02	9.408652512e+00	7.982863531e+01	2.301819120e+02	3.631427602e+02	1.179154316e+02
1.870799300e+00	4.714587632e+01	1.353890367e+02	1.818324698e+01	1.651848605e+01	2.353315891e+01	1.282124436e+02	2.415858900e+03	9.916193756e+01	6.263740194e+01	5.312186138e+01	1.036423246e+01	1.012946276e+02	5.160578418e+02	1.884871619e+02	7.274590008e+00	1.044793113e+01	2.697984096e+00	1.078839354e+01	5.760822184e+01	4.089200393e+01	2.586858541e+01	3.661859837e+00	2.426787873e+01	2.182201708e+01	1.014450425e+02	1.823209715e+00	1.799010664e+01	4.359076299e+00	5.116146386e+02	2.204485339e+02	3.832291603e+02	3.882870762e+00	3.221821351e+01	9.858647864e+01	7.126899430e+01	8.372348555e+00	1.103963143e+02	1.503817196e+01	4.731786271e+00	8.741039804e+01	1.212617137e+01	4.619797000e-01	1.349013770e+01	3.075297344e+00	1.090761723e+02	3.682278435e+02	1.152758930e+01	6.928846803e+01	2.660206348e+02	1.042046544e+02	7.992745270e+01
2.295397028e+01	1.019770527e+02	9.004641816e+01	1.679425229e+01	6.145170022e+01	1.234011265e+01	4.858210268e+00	1.101245544e+01	1.781094893e+01	9.061086809e+00	7.216043271e+00	4.067119209e+01	3.163158176e+01	9.358470850e+02	1.261309963e+01	2.134675938e+04	1.210551203e+03	6.400058401e+01	3.721625248e+01	1.001506962e+01	3.205499187e+01	6.202952718e-01	9.987787027e+00	1.806287460e+01	8.910918965e+00	9.496001780e+00	4.334670653e+00	1.515421104e+00	5.278310891e+00	1.204320631e+01	3.315743359e+02	2.089020983e+02	1.077733217e+01	3.886888148e+01	6.292604995e+01	3.376179482e+01	1.940925019e+02	4.159508456e+02	2.577660553e+01	2.104140442e+01	6.367621630e+01	2.270462703e+01	5.936507114e+00	1.898321723e+01	2.048631740e+01	1.280407050e+02	2.396885804e+02	8.974077918e+00	7.177194909e+01	3.189076249e+02	4.293678281e+02	1.501395529e+02
1.795038272e+01	9.006829957e+01	1.764417178e+02	2.376750008e+01	1.979162754e+01	5.034884697e+02	2.207171163e+02	4.123420128e+01	2.817005525e+01	1.174070701e+01	1.539408649e+01	7.146069340e+01	1.101025949e+02	1.853329196e+02	1.071635933e+02	1.452224495e+01	5.025773971e+01	1.815041884e+01	7.877590169e+00	8.579150808e+00	4.209377478e+01	4.688943220e+01	3.989024699e+02	3.856603312e+02	8.755706165e+00	4.611088399e+01	1.208078493e+00	9.360855294e+00	5.616577917e+00	9.258865600e+00	4.670048466e+02	1.835077381e+02	1.784604117e+01	7.875314472e-01	3.232467150e+02	3.777813557e+02	1.972358956e+01	7.446514129e+01	3.473931952e+01	5.982849512e+01	3.686931647e+01	1.059942899e+00	9.356369688e+00	1.045641816e+02	5.477996913e+03	1.906041841e+02	1.881700716e+02	1.395840585e+01	1.138715928e+02	2.260354074e+02	4.211543582e+02	1.106967611e+02
7.694036564e+00	9.397202968e+01	1.755517846e+02	1.539901980e+01	2.248301089e-01	6.100198298e+00	8.720333121e+01	3.122305315e+01	1.884501075e+01	6.623249442e+01	5.548544811e+01	3.229636980e+01	1.770026606e+03	5.678630848e+02	1.602437228e+02	4.845106737e+01	2.621817600e+01	1.306775950e+01	2.909338692e+00	1.122466876e+01	4.522722480e+01	2.851751865e+01	1.137259546e+01	1.039341386e+01	1.708388410e+01	2.209204747e+01	5.090756458e+00	4.609415651e+01	1.148930087e+02	1.604669224e+02	3.037040633e+02	2.737112452e+02	1.787773208e+01	1.081778385e+01	6.832145867e+01	5.508743755e+02	9.224311760e+01	1.892996666e+02	6.754664451e+00	1.508637632e+00	7.175530019e+01	5.817351672e+00	1.482655310e+01	9.817051209e+00	1.862258493e+01	1.452413228e+02	3.951379766e+02	3.806113449e+01	1.954030328e+02	3.313094873e+02	1.459330619e+02	1.858775318e+02
8.050347012e+00	2.030585307e+01	1.819768861e+02	6.079253951e+01	2.775020287e+02	1.165096789e+02	2.020737551e+01	1.911172409e+01	1.796012256e+01	1.214863759e+01	3.557319451e+01	1.373648165e+01	7.238784661e+01	2.694127223e+02	6.150121678e+01	5.984453606e+00	1.352941066e+01	7.093493362e+01	6.441301975e+02	4.904401743e+01	7.801001108e+00	1.131771582e+01	2.159137107e+01	1.853661957e+01	1.259870063e+01	6.674820423e+00	1.328376416e+01	8.575851524e+00	3.260323413e+00	1.460632601e+01	6.182466983e+02	1.908888297e+02	2.300344111e+01	8.760833869e+01	1.117945881e+02	1.385540482e+03	1.109442832e+02	5.818007794e+01	1.051199670e+01	3.690667471e+01	5.224774437e+01	2.219704100e+01	9.627430420e+00	6.291983630e+00	1.572718265e+00	8.220704888e+01	2.814225027e+02	1.597265596e+01	6.308407285e+01	2.070581984e+02	5.498641094e+02	2.306455061e+02
1.138867070e+02	2.060211817e+01	1.413976576e+02	2.699854338e+01	8.740798629e+00	2.012760047e+01	3.233464214e+01	2.731979153e+01	1.190603906e+02	1.510995624e+02	1.876216104e+03	1.703679499e+02	9.236566941e+01	6.643874304e+02	1.265546072e+02	4.335698140e+01	4.303000698e+00	3.609035371e+01	2.489850331e+01	1.446766705e+01	1.059195731e+01	4.427536052e+01	1.430281050e+02	2.839012342e+02	1.001976339e+01	9.315772973e+01	4.017836651e+01	2.236607944e+01	3.901849500e+01	6.911978768e+01	4.028181632e+02	1.996174006e+02	5.231439748e+01	4.214703139e+01	7.693828404e+01	1.146763206e+02	1.925963433e+01	9.944579941e+01	2.999974962e+01	1.739961671e+02	8.046379839e+01	5.350224063e+02	2.104331889e+02	8.126479746e+01	1.231740788e+02	1.163344931e+02	4.051173833e+02	6.085984323e+01	1.763634697e+02	3.095980373e+02	3.927714276e+02	4.479232323e+01
1.604945759e+01	4.904970624e+01	1.369980903e+02	5.183358717e+01	1.899217948e+02	2.733275132e+01	1.263378324e+01	9.949628671e+00	3.231140271e+01	2.947690371e+01	1.195723430e+01	1.013489671e+01	3.683682307e+01	6.479166150e+02	1.557512855e+02	4.049150352e+02	1.797915014e+02	1.959163917e+01	2.474104866e+01	4.435012926e+01	2.601521615e+01	7.560972621e+01	6.435734156e+00	1.717619169e+01	6.154746254e+00	5.288221386e+01	1.401859811e+01	2.853573076e+01	3.087141738e+01	5.664457062e+03	4.504865446e+02	1.712034939e+02	7.680665847e+01	4.769495920e+01	4.705916311e+01	2.378147931e+01	9.974942138e-01	1.035329197e+02	5.972483025e+00	1.398448533e+01	3.679927138e+01	4.850323601e+01	4.505536728e+01	7.837356970e+00	2.514445752e+02	1.257529207e+02	1.730477815e+03	3.021253049e+02	2.214593038e+01	1.275785199e+02	2.226663889e+02	3.381606198e+01
1.477200486e+00	6.152860451e+01	3.661248611e+02	9.439054919e+01	3.695433220e+02	4.532829733e+01	5.277353109e+01	2.446280766e+02	7.370949453e+01	5.525849092e+01	3.413998277e+01	1.622400406e+02	1.000956820e+02	1.227333041e+02	5.866581303e+02	1.181675582e+00	7.774532179e+00	6.348512506e+00	1.369544515e+00	5.231450453e+01	7.018117749e+02	9.909459511e+00	2.446149317e+01	5.817708779e+00	1.074598431e+01	2.950985235e+01	9.884681739e+00	4.752746520e+01	8.981100426e+01	1.169787461e+02	4.378863420e+01	1.306039119e+01	5.993063206e+00	2.169310658e+01	1.092501519e+03	5.484598371e+02	1.783173171e+01	2.841327629e+01	1.852265774e-01	6.460257564e-01	1.686444761e+01	2.816924421e+00	5.479784993e+01	3.171926032e+00	1.495809591e+00	2.343258004e+02	1.665293671e+02	7.944697988e-01	9.610449874e+01	3.625780033e+02	1.495242895e+02	1.590844977e+04
7.402207455e-01	1.273829639e+01	2.080921846e+02	1.291183987e+01	2.596964682e+01	4.143522972e+01	8.254964725e+00	9.318305803e+00	1.663645257e+00	2.773363619e+01	2.233648852e+01	5.059522296e+01	1.962822266e+02	1.675844450e+03	3.174049463e+01	7.801122703e+00	3.457502841e+01	5.753962884e-01	6.903007943e+00	6.968251475e+01	4.375470671e+01	3.667844047e+01	6.979671821e+00	3.828832973e+00	2.096860658e+01	6.356944071e+01	9.950905162e+00	4.371515750e+01	5.669044465e+00	2.419374846e+01	5.601087450e+02	1.865015384e+02	6.209938696e+00	1.967721393e+01	1.853930133e+01	1.337437308e+01	7.142044863e+01	1.738556377e+01	1.178834785e+02	1.987305919e+02	5.562676125e+01	7.525736712e+00	1.732343902e+01	1.270194827e+01	2.528276975e+00	1.054807141e+02	2.609890844e+02	1.963932208e+00	6.469121001e+01	2.790387694e+02	3.882846057e+02	1.199941243e+02
1.858328509e+01	1.104153366e+01	6.602506951e+00	5.138557395e+01	1.030719244e+02	1.581045430e+02	2.442093023e+02	2.870805387e+02	9.395743844e+01	1.522686656e+01	2.745906219e+01	2.683505389e+01	2.515124199e+02	8.603005624e+02	2.388338776e+02	6.900262846e+02	1.542822549e+01	2.922652150e+02	1.064591522e+02	3.712146553e+01	1.093752123e+02	5.816690279e+01	3.101797889e+01	1.114651494e+01	9.569707753e+00	2.007769029e+01	1.590616432e+01	1.678885012e+01	1.350247499e+02	1.355016483e+04	2.683852749e+02	2.155606374e+02	2.173089435e+01	4.156632675e+00	3.974830746e+01	2.191951857e+02	9.161050664e+01	1.879635927e+02	1.480812562e+01	7.075107545e+01	1.408775412e+02	1.848006132e+01	1.037828829e+02	3.192153894e+02	1.501361043e+01	1.804505840e+02	2.739142164e+02	4.692439941e+00	2.238189312e+02	4.531789760e+02	4.297618941e+02	1.056377772e+02
1.111154911e+01	8.147729928e+01	1.718102623e+02	1.407278840e+01	4.013812622e+01	3.384823143e+01	3.464846875e+01	2.338574445e+01	3.233548941e+01	5.408809365e+01	4.347131775e+01	8.590511880e+01	2.608611664e+01	2.709937140e+02	8.932152440e+01	1.524178371e+01	4.484046690e+00	2.247245591e+01	1.857372437e+01	1.467373836e+01	1.740433271e+01	8.443266415e+01	1.820739107e+02	6.187785442e+01	2.078899908e+01	2.520544599e+01	4.423068173e+00	1.894906725e+01	1.527752555e+01	2.072194816e+01	5.060139080e+02	1.672129495e+02	9.335765352e+01	6.331879017e+02	2.088600790e+02	4.749455903e+02	4.574002837e+01	9.398946699e+01	1.421389551e+01	1.375661919e+01	2.441892522e+01	1.433488152e+01	2.968816825e+00	9.991318581e-01	2.319308178e+01	9.638193516e+01	3.275964313e+02	1.257552192e+03	1.082954015e+01	2.938679364e+02	4.888401737e+02	1.826329072e+02
9.196425619e+00	4.057452939e+01	1.277322347e+02	1.632877981e+01	9.373287595e+01	1.072769437e+02	1.439938102e+02	5.181897749e+01	2.775820341e+01	2.124588712e+01	2.372966016e+01	8.415531530e+01	7.921198898e+01	7.474633957e+02	2.824371732e+02	1.640432649e+02	3.036641982e+01	1.051026686e+01	1.672971925e+01	4.699784478e+01	5.273224030e+01	1.878089600e+01	1.746970443e+01	2.155057146e+00	1.285073515e+01	9.871227390e+01	1.718068734e+01	3.459250687e+01	2.170437710e+01	3.540590876e+01	3.634990153e+02	2.136048129e+02	4.487783378e+00	8.342739743e+00	1.688569045e+01	6.042499790e+01	5.857171792e+01	6.670169851e+03	5.906637932e+01	2.758898430e+01	7.379576201e+01	1.102011188e+01	1.908649688e+01	4.742624414e+00	6.127911817e+00	1.757548847e+02	3.884696172e+02	3.124701511e+00	1.352185121e+02	3.070596367e+02	3.434633590e+02	3.289303249e+01
3.532384687e+00	5.875423930e+01	8.040504993e+01	3.825410948e+00	2.255813120e+01	8.820473486e+00	8.895997102e+00	5.508611841e+01	4.555834277e-01	3.557012703e+01	5.873629121e+02	1.099177612e+02	1.049570136e+02	5.928203786e+02	2.476748485e+02	5.127837192e+00	3.605633759e+01	1.594838115e+01	1.559936243e+01	1.402306450e+03	2.427534841e+00	2.720809052e+01	2.138925259e+01	3.811722832e+01	9.088362414e+00	1.678521572e+01	2.241318608e+01	5.395979860e+00	1.636389595e+02	8.247168754e+03	2.825661364e+02	1.905689541e+02	3.583141109e+01	6.637393015e+00	2.410922906e+01	7.256920196e+01	3.935881505e+01	6.376088345e+01	2.238016137e+01	8.031781858e+01	1.039406900e+02	3.355911497e+02	1.610250281e+01	4.947111337e+01	1.406640169e+01	1.660896436e+02	3.395853676e+02	2.283875256e+01	7.685072211e+01	2.993042306e+02	2.589559172e+02	7.707604078e+01
1.399118145e+01	8.984152066e+01	7.062260533e+01	9.514901074e+01	2.793226708e+02	2.048899793e+02	1.007703595e+02	4.128192178e+02	1.391100123e+02	5.091550865e+01	8.596929076e+01	1.655159182e+02	4.048836666e+01	2.072223448e+03	9.633508480e+02	2.786629499e+00	6.996262003e+01	1.864766810e+01	4.929323551e+00	5.861053033e+01	5.721675920e+01	7.108834799e+00	5.242097561e+01	9.727710698e+01	6.571766971e+00	3.438836058e+01	1.558634211e+01	4.980133489e+01	1.080437411e+01	4.802629346e+01	2.213093853e+02	1.199524681e+02	6.219060610e+01	2.317745305e+02	1.255517148e+02	2.923302644e+02	5.076936941e+01	1.608555052e+02	1.694733971e+01	2.856325441e+01	2.182626862e+02	8.069841761e+00	1.511159478e+01	8.856581233e+00	1.278606168e+02	4.517860798e+02	5.479891598e+02	2.188838507e+01	1.212815328e+02	5.934775165e+02	2.980959007e+02	6.892359875e+00
1.349206498e+01	1.505182235e+01	2.376451023e+02	2.280794675e+01	3.388516092e+01	6.543011661e+00	1.592939161e+01	9.539922822e+01	4.404664344e+01	8.103867956e+02	6.752626095e+01	9.145258712e+01	4.960775494e+01	6.412179934e+02	2.338282696e+02	2.808198934e+01	1.701615436e+01	1.758120684e+02	2.797464936e+01	2.096662926e+01	4.017670622e+01	9.745251709e-01	3.159634575e+01	1.990406757e+01	4.432991929e+00	2.889619722e+02	2.863293558e+00	2.519566261e+01	3.126721070e+00	1.514417131e+01	7.882085667e+02	2.145075910e+02	2.678500101e-01	1.855391650e+02	5.945991835e+01	5.297234269e+01	1.952937512e+02	1.907248886e+02	5.642219784e+00	1.724965222e+01	7.067027185e+01	9.766519133e+00	1.259072693e+01	3.112159798e-01	4.471858136e-01	1.369818310e+02	2.361440218e+02	1.186709482e+02	1.474782895e+02	3.740116722e+02	5.663430515e+02	1.782895014e+02
5.492968781e+00	6.900472559e+01	4.360664902e+02	6.118503292e+01	4.727449793e+02	1.305523443e+02	2.794592810e+01	2.939817089e+02	1.538626324e+02	5.487903382e+01	1.789089999e+01	3.719258272e+01	5.009464885e+02	7.913938372e+01	1.029356216e+03	4.897182337e+02	1.110717294e+01	2.932538004e+00	3.171083919e+00	2.527143301e+01	1.456559295e+02	2.186184219e+01	4.491790304e+01	1.036310421e-02	3.778689856e-01	1.869239572e+01	3.411333579e+01	7.742034925e+01	1.987296987e+02	8.064506208e+02	3.253126476e+02	1.478432116e+00	5.473719469e-01	5.520062247e+00	9.656557516e+02	2.960614784e+03	2.389866359e+01	6.304383459e+01	8.240331893e+00	1.564598303e-01	4.066400377e+01	7.745172545e+00	6.912017260e+01	6.682865849e+00	8.994176337e-01	3.058169677e+02	1.342297454e+02	1.274814438e+01	1.168409139e+02	5.576365993e+02	1.952234271e+02	2.058129516e+02
1.730326152e+00	1.277013072e+02	1.699076847e+02	5.129493068e+01	3.043676565e+01	7.793982664e+01	6.994914796e+01	3.302652402e+01	1.318499201e+03	4.608563026e+01	2.136332568e+01	1.791016721e+01	5.413377744e+01	3.030323119e+02	6.389678352e+01	5.409472609e+01	2.995425066e+00	3.000577931e+01	4.307515320e+00	3.291396675e+01	7.105502820e+01	1.181176911e+01	1.084710497e+01	1.125443044e+01	1.750372890e+01	5.919781181e+00	6.078271769e+00	1.576752846e+01	1.491046820e+02	4.668290838e+01	8.872155038e+02	2.752307784e+02	7.331364110e+01	6.499740787e+00	3.624023581e+01	9.735308574e+01	6.156363568e+01	1.054566693e+02	6.658504932e+00	4.244920690e+00	3.209266689e+01	1.804445114e+00	1.675140633e+02	1.508339642e+01	1.109701998e+01	8.438988745e+01	2.033911128e+02	4.740222525e+00	7.274496758e+01	1.991363814e+02	7.450533651e+02	3.330183108e+02
3.271930304e+01	5.174688810e+01	1.337067199e+02	4.648739290e+01	4.868646220e+01	8.440392851e+01	5.523710578e+01	3.062062494e+01	1.519398891e+01	4.101569514e+01	6.493637759e+00	5.451661949e+03	7.823047342e+01	5.305007063e+02	2.741276959e+02	4.143246387e+00	5.856002098e+01	2.421371742e+00	6.031925225e+02	1.181960042e+01	2.848898160e+01	8.969232174e+00	1.171428467e+01	2.880788305e+00	1.790618270e+01	1.217274270e+01	5.951165368e+00	9.116659365e+01	1.441237523e+01	8.402704374e+02	4.036553075e+02	2.611337725e+02	8.308344575e-01	1.996105324e+01	3.238669997e+01	2.592581934e+02	1.019826525e+00	1.622871575e+02	3.102014615e+01	2.306146893e+01	4.616826579e+01	1.686931394e+01	6.709568240e+00	4.541744937e+00	4.459195255e+00	3.341865705e+00	2.636639592e+02	7.011267413e+01	9.143271276e+01	3.696032114e+02	3.848854367e+02	1.185658062e+02
3.294259230e+00	1.226294859e+02	4.561555282e+02	8.285769366e+01	3.295370686e+02	1.122423889e+02	6.134735333e+01	1.464813275e+02	8.504863231e+01	4.747943455e+01	2.341440270e+01	1.125798537e+02	2.164554710e+02	2.951644927e+02	3.032069660e+02	2.713948105e+01	2.676124659e+01	1.942311104e+01	2.259818853e+00	2.027642394e+01	3.193938424e+00	2.279973383e+02	4.320381285e+01	2.511546667e+00	5.618632690e+01	1.639739903e+02	8.572344345e+00	2.384200759e+01	2.026585288e+02	6.161042289e+02	8.519493967e+01	1.770168813e+01	8.018639533e+00	7.970360030e+00	5.002009024e+02	9.903941138e+02	5.108493944e+00	4.365045621e+01	1.159773296e+02	2.027877764e+01	3.831662597e+01	9.776043405e+00	4.564591828e+01	1.698436543e+01	8.493016467e+00	1.773504390e+02	2.025423794e+02	1.821756668e+00	3.338788049e+02	3.701284748e+02	5.999527362e+01	6.800951554e+01
6.293201701e+00	4.299853052e+01	3.942445989e+02	1.705205507e+01	3.894841846e+02	1.458828789e+02	1.065000685e+01	1.566871739e+02	7.325154102e+01	7.490923527e+01	4.035183576e+02	1.163511908e+02	1.391209729e+02	1.148795559e+03	7.096315588e+02	1.020109644e+01	9.830005069e-01	3.312262115e+01	8.897181852e+00	1.198826476e+02	8.972245681e+01	1.714400490e+02	7.259795876e+00	2.988664195e+01	9.329797255e+00	4.084249279e+01	4.947363564e+00	3.568018703e+01	2.012151545e+02	1.563885110e+02	4.771632036e+01	6.332188509e+01	2.197606965e+02	5.856617655e+00	2.101184020e+01	5.033077082e+01	1.922529001e+00	9.205081837e+01	1.611120392e+01	1.173166539e-01	1.453018827e+02	1.395273907e+02	2.930073828e+01	2.384654490e+01	1.635413971e+01	2.015781607e+02	4.385753302e+02	9.387315277e+00	6.086876877e+01	5.174154689e+02	6.989605917e+01	1.461917476e+02
2.589700432e+00	1.234279953e+02	2.273258939e+02	1.768773008e+01	8.366755131e+01	2.704187359e+01	1.803212137e+01	6.445682744e+01	3.170048137e+01	5.287476711e+00	1.069028953e+00	7.902025758e+01	9.636105306e+01	5.208820402e+02	2.209977217e+02	2.042107678e+01	2.042980200e+01	7.037416702e+00	7.577096867e+00	1.837352592e-01	4.971281277e+01	5.344193189e+01	1.295566340e+01	5.382037674e+00	2.665472751e+01	2.962083420e+01	5.825350005e+00	2.967987027e+01	2.911554112e+01	5.710640735e+01	6.292740513e+02	2.249925592e+02	7.141776824e+00	5.979817481e+00	1.715489072e+02	9.027116726e+01	7.817126400e+01	1.704999087e+02	1.459408852e+01	1.792865407e+01	7.325169140e+01	8.054104469e+00	1.910018740e+01	4.203071346e+01	3.229366975e+01	1.534340292e+02	4.404121970e+02	1.263176118e+01	1.376580546e+02	4.115115201e+02	3.024736379e+02	8.863894860e+01
1.240296228e+01	1.648521466e+01	1.667524300e+02	1.903614731e+01	4.246863523e+01	1.085409776e+02	4.873328856e+01	1.718403626e+02	2.991833490e+01	4.042121701e+02	1.614851197e+01	7.795043790e+00	8.156678057e+01	7.903490765e+02	4.374269916e+02	1.956543407e+02	6.287648650e+01	2.886069072e+01	1.393929729e+01	1.035555562e+01	6.113155710e+00	2.438901150e+02	6.587386031e+02	4.701769503e+01	1.379541525e+00	3.760509321e+01	2.616459590e+01	2.278195773e+01	3.008404685e+01	2.271545080e+02	3.988299316e+02	5.935276563e+01	5.745550823e+01	9.430567544e+00	3.331220342e+01	8.336312141e+01	5.430049852e+01	1.385500111e+03	1.316374184e+02	8.456823428e+01	9.800978165e+01	9.150905653e+00	3.137136665e+01	1.835635452e+00	3.067331183e+01	1.939633539e+02	3.146033639e+03	1.133515841e+02	8.722767636e+01	4.930555951e+02	1.618791525e+02	1.653591372e+02
5.251964028e+00	3.996857821e+01	2.371538405e+02	4.547304998e+01	2.822484425e+00	9.589231229e+01	2.482449040e+02	1.463796724e+01	1.243698376e+01	3.441263113e+01	2.544157474e+01	7.037368386e+00	6.042663095e+01	4.429806238e+02	4.089102687e+01	8.876988256e+00	1.559793974e+01	4.738997194e+00	4.351090180e+01	1.506261471e+01	1.000982819e+01	7.876378815e+01	2.032104305e+01	2.597362704e+01	1.408240988e+01	2.937586240e+01	4.510681685e+00	5.735686492e+00	1.137641998e+02	7.942881047e+01	6.611696482e+02	1.712854749e+02	9.262595410e+01	7.100540372e-01	1.734192978e+01	9.881106577e+01	5.138918413e+01	1.191272095e+02	1.428711898e+01	1.569450880e+01	6.620701992e+01	7.512759865e+00	1.307614999e+01	1.261964174e+01	5.718511485e+00	1.185840350e+02	3.652746108e+02	5.796037854e-01	1.386035323e+02	2.339472573e+02	5.225130678e+02	1.762490915e+02
4.077010061e+00	1.096661123e+01	7.411444191e+01	5.732578520e+01	2.738804728e+02	1.152732993e+02	2.421281450e+01	1.397671937e+02	2.962224790e+01	9.554334459e+00	4.465216133e+00	1.594132778e+02	7.746411886e+00	4.855728873e+02	9.357365688e+02	2.527303623e+01	2.681489790e+01	1.462844681e+01	8.500507956e+00	4.667405911e+01	1.317029619e+02	3.512044889e+01	4.825885662e+01	8.656021144e-01	1.097013048e+01	4.529220810e+00	1.328745294e+01	1.890693306e+01	4.831701140e-01	1.252707386e+02	3.880755965e+01	1.055107639e+02	2.247739370e+01	4.504324780e+01	1.754182563e+03	5.673823108e+02	5.860834399e+00	9.370190284e+01	5.703834915e+00	2.011436942e+01	5.360760142e+01	5.286545895e-01	1.982336160e+02	5.256957174e+01	1.920433744e+01	2.333897817e+02	3.404818376e+02	1.048976740e+01	1.337087026e+02	4.329895081e+02	5.046344856e+01	9.679678482e+01
2.383381956e+00	4.431202113e+01	1.110109474e+02	7.471482216e+00	4.145618720e+02	3.509418765e+02	1.246099956e+02	2.740384864e+02	7.891588931e+01	3.070997909e+01	4.594053706e+01	5.364580929e+01	3.040306041e+01	1.057872080e+03	4.639384266e+02	3.057493859e+02	2.002850076e+01	5.710285678e+01	2.887554012e+01	1.469086857e+02	1.932804607e+02	2.495929089e+01	1.504037140e+02	1.442502591e+02	1.106859695e+02	4.922955826e+01	1.649407455e+01	5.015990083e+01	1.213459918e+02	1.925288335e+03	2.931340960e+02	6.880957568e-01	1.862347509e+01	9.574885027e+00	6.077550584e+01	5.657487851e+01	1.410350692e+01	1.787009165e+02	1.266975138e+01	8.116784333e+00	2.407597586e+02	4.943548637e+01	2.452766854e+01	6.033707074e+01	6.673107742e+01	3.901901870e+02	4.850470487e+02	2.585995576e+01	1.371135511e+02	5.811062215e+02	5.542916957e+01	8.645660257e+01
3.152138109e+01	1.405435858e+01	5.603226787e+02	1.068509358e+00	4.708852316e+02	1.382605615e+02	3.873475854e+01	1.471727536e+02	3.034707768e+02	5.847124718e+01	1.773263508e+01	1.066300253e+02	9.429914051e+01	1.882231247e+03	5.755229736e+02	7.236853104e+01	4.184574684e+01	1.022488069e+01	3.019040331e-01	2.715255238e+02	5.191909880e+01	4.950296381e+01	1.282215455e+01	1.328627141e+00	2.821658773e+00	9.517806478e+02	8.362745084e+00	5.671887614e+01	6.036644487e+00	2.026504316e+02	7.613219706e+01	1.695153627e+02	5.005252316e+01	9.288136728e-01	3.973477944e+01	6.216875292e+01	3.925633704e+01	1.417315885e+02	3.854180447e+01	5.798222081e+01	1.575745937e+02	2.478454432e+01	4.036175590e+00	1.124473516e+00	1.419059405e+01	1.800891309e+02	2.753714297e+02	4.044035610e+01	5.572045486e+01	4.169153577e+02	1.598509055e+02	1.575708628e+00
1.111656916e+01	1.337718714e+01	1.057223729e+02	3.145629083e+01	1.522676159e+02	1.440211461e+02	2.555900724e+01	2.162740952e+01	1.403460950e+00	4.503766010e-01	3.949182423e+02	7.415829023e+01	4.972731676e+01	2.421665714e+02	2.441165338e+02	3.526290526e+00	2.548188511e+01	5.124107347e+00	1.254199424e+01	4.707171477e+01	1.342844460e+02	4.578243681e+02	3.805600051e+01	1.279751883e+01	1.212933825e+01	9.205114201e+00	9.544030404e+00	6.153979399e+02	7.971971206e+00	4.809828238e+00	4.190556472e+02	2.417212287e+02	9.354491436e+00	7.418692580e+01	4.873186269e+02	1.552039658e+03	1.750817367e+01	7.688570612e+01	1.029928911e+01	2.091072756e+01	9.225424923e+01	5.568875892e+01	7.150522065e+00	2.797942629e+01	1.111826972e+01	1.352094651e+02	3.044515905e+02	2.892740229e-01	9.170815911e+01	4.190975012e+02	2.653857506e+02	3.774730136e+01
1.273332578e+01	1.867424157e+00	1.033507049e+02	1.452679185e+01	6.023266768e+01	2.697608640e+01	3.976861437e+01	1.576451897e+02	2.130514905e+02	6.116230051e+01	2.314171594e+01	7.198977841e+01	1.205123166e+02	6.234199746e+02	2.608956968e+02	3.637449350e-02	2.297067623e+01	2.077472486e+01	5.288993750e+01	9.198082701e+00	1.020683028e+01	2.886679468e+01	2.987102106e+01	1.894042534e+02	2.164464557e+00	3.522331325e+00	8.998959702e+00	1.772799686e+01	1.266109218e+02	1.684339304e+02	1.262766303e+02	3.113890796e+02	1.345236571e+01	4.584468939e+00	3.094959165e+01	2.761307063e+01	1.328918041e+02	1.716412295e+02	6.945865727e+00	6.583577591e-01	8.207902563e+01	3.968633300e+01	5.914374462e+01	2.346386514e+02	1.277212078e+01	2.105170583e+02	3.763270099e+02	1.921826202e+01	1.341254433e+02	4.198873011e+02	3.385105184e+01	2.434860166e+02
